0,501.57244673004607,507.6368936849806
1,422.33367151335034,485.8011084396048
2,446.6263745930008,482.71058873405855
3,518.85970270284,549.190943545072
4,394.97944547974714,442.33767623955714
5,529.2951326726147,329.23050372838617
6,498.3559533035448,369.16153964725737
7,539.5580947759806,477.0420406239628
8,540.6445735752176,401.9330474020173
9,505.1876967460677,448.21522064566864
10,416.1187622253327,551.5143316097422
11,460.7145475298895,410.58152338176046
12,520.0012700776883,519.9772778399962
13,504.87070512605277,471.8773280584569
14,532.6525327886009,523.3623304854144
15,515.1637222649578,526.8421812603059
16,466.1584624030792,518.8201097038439
17,440.43747326817277,501.8951961355398
18,447.5072575056884,523.3893314269943
19,531.3937060002452,542.0538162990807
20,474.90392141043094,458.04786361198865
21,483.24264023031765,352.9662703140463
22,468.38112357335797,520.459639851647
23,525.1886068326008,455.1460527716567
24,436.8390747200969,517.1031646249877
25,604.0196270610303,437.2299839174054
26,600.8160879853722,434.0652698501111
27,498.27857317836185,308.8909757547148
28,513.4786354583724,336.59769788935597
29,434.6381452779294,450.36679516636974
30,563.5859794546492,367.7017348707818
31,486.4057185109681,535.7092642257364
32,444.43874616785496,547.1026413414579
33,551.4077060342419,399.9697265265574
34,524.657201936669,502.8515471997111
35,543.5322682640455,487.17805659025777
36,480.4961150691631,546.9791180472071
37,434.80871564560226,544.0107334923149
38,481.4957877409709,443.0722865230076
39,517.1873421141003,524.5509176026585
40,518.092714375545,535.3442000083485
41,434.27697147686496,425.64498464462724
42,493.20430782580996,426.3544946339077
43,572.547844053443,485.10442325392376
44,516.5608961002126,503.51190856384545
45,499.78192977895753,480.41262875742234
46,493.7313204796661,496.20868561250273
47,473.7951236852661,461.10234856733194
48,469.2573377204111,492.1173821435315
49,502.64880347879034,465.9400801971775
50,583.050646459402,412.27467299832387
51,450.0205120571633,456.8611866260852
52,537.533927210908,493.0553834010571
53,444.5139921212695,464.68573024991395
54,436.2540916680269,498.2497510206738
55,441.0767020317352,578.5707668433746
56,528.6201164892456,550.524821999633
57,473.4793639637152,548.7719828811739
58,510.9399522825124,318.70566453009985
59,482.01818540250986,439.71354913393805
60,433.04743475807265,480.93554261316353
61,483.08959810753765,522.3504600062081
62,479.5111877777839,407.46218385134586
63,463.1059995436681,384.187727957238
64,431.23633388091406,557.3671102692301
65,522.6648398068284,421.38820040283304
66,448.8993666776864,513.4021824174127
67,453.473209939308,504.1244429993237
68,558.7750819045099,515.9377681127329
69,447.67675066649764,555.8226710156755
70,494.3151350522576,498.71927719697806
71,566.277819346953,502.5901540179852
72,439.0009900163422,449.58040862621255
73,484.44253933261245,490.3617845489715
74,526.7955309630005,408.49535397924154
75,489.1219860831258,423.9546043334539
76,466.1331432374949,403.64483442901894
77,425.8659703278432,498.43823779386014
78,555.6182455907004,396.5379775381678
79,474.49728683825134,476.37533069829
80,474.6823030462576,493.5815194581474
81,439.9482295530817,433.2189543971171
82,494.42119396189975,511.97376952134846
83,563.1548866286995,479.17452392925765
84,496.3534390970207,450.8838587755355
85,476.1213351071497,511.1701162174076
86,472.51357036540924,550.8212007488033
87,441.73127895109644,487.06533017747154
88,521.5809310542645,382.0291516477652
89,503.01577029559536,339.7111334735716
90,442.83404382008325,538.9078524644422
91,555.48323196616,525.444660431084
92,519.2055161117213,447.88476261591074
93,555.2197797896004,414.1359535565742
94,418.1520094174147,425.7051194263602
95,432.5822358548799,559.9798274833217
96,628.7721013888747,452.60983602136963
97,440.56657448846124,498.3296690717604
98,496.8621131272869,569.8624997112456
99,486.8037192377573,420.9296267793714
100,475.927064783738,561.8864385879634
101,582.9590605309681,419.2510331503947
102,542.3436050056492,489.83623429846887
103,428.1486832720641,423.7739256845353
104,447.82192938199375,451.63554638013704
105,441.18643107293104,555.2690046748787
106,469.92526359983793,397.2916700630767
107,558.3287908089169,460.31524071905386
108,580.0830450797265,424.00568200899124
109,481.3771686114828,403.81642116531714
110,396.1926843655205,503.0320847501929
111,458.3899182550208,517.0064907825935
112,456.9246562017391,489.9701353173948
113,486.49985917166276,522.5684728602437
114,484.6039866552872,532.1997518983078
115,486.13111119793564,476.61160910680024
116,543.4055620949526,394.7064396072534
117,521.1947082317572,364.09515867280936
118,597.345959959098,452.0765087808302
119,486.69548732671376,481.5476887771127
120,460.12326454480336,442.15422314721
121,421.4876422763371,487.66084154202537
122,457.82499714359096,417.9690955846956
123,517.065991504417,473.4278415772952
124,471.4685903884609,466.4133313054769
125,514.5311301649498,472.87928251981884
126,475.7563665833021,504.23996264904
127,587.4846242730953,477.3865771933169
128,579.1835171525503,401.0081390566119
129,562.2303416753269,514.448133575404
130,509.98025231598916,534.1645485343242
131,459.18121651029304,436.93224950836395
132,546.3419781006488,481.732044970955
133,522.3496499451196,561.8370836647742
134,498.2951236721073,381.6921420782402
135,492.570978809292,490.7501577752419
136,495.52063285449543,438.5443760517583
137,617.3917975514846,448.4882180925977
138,521.8230916189029,405.5575983115363
139,528.5209287956249,507.3579723082302
140,534.333763692558,570.1344498398468
141,489.491544673669,552.676134256785
142,487.1825919844158,492.9125360268696
143,546.4117365481243,572.4312007164739
144,494.5217138908555,418.87759614155897
145,421.14266118106514,566.1995635606521
146,487.1661573787021,353.2053797220951
147,537.8093802058986,418.86391169199595
148,549.9915549074227,397.1897987659552
149,495.1171500235221,490.65013284284504
150,479.36667251382437,543.6345344146407
151,475.89276438658476,469.0866060360213
152,440.06336916156357,439.6267205420465
153,436.41944695612347,434.27372442141365
154,561.0519999797049,524.0440923883795
155,449.6527618789733,510.32771399544157
156,474.4990293788899,339.866763337549
157,440.31087897447674,476.695009122725
158,535.3958192448302,345.87775764041004
159,429.1722341329087,431.61525950936004
160,472.14002043969083,530.9993577275217
161,533.6043500617892,518.3439408573277
162,446.8155393411255,418.099780816953
163,485.0173313577476,420.2107837970342
164,430.4538403360793,482.75175762823284
165,499.1976843398457,375.55078812547924
166,421.077544495727,437.4911503294099
167,443.04481425919056,567.139236855274
168,514.265746009966,449.1852945428943
169,561.1791238903203,498.6587599686539
170,462.5511457060683,553.8918720820942
171,495.259695293791,335.1075970146833
172,408.52408888153553,503.7045519080273
173,638.7878753092872,449.82120758642657
174,510.1638288230077,541.2070521152515
175,581.8788181593394,457.841800056792
176,497.4290297462326,489.31180349151373
177,541.3754132532436,472.83606097087676
178,501.40860851756895,558.7264027748001
179,547.8997566409846,427.86076174577397
180,495.5236256697643,455.3753944123984
181,478.0983665879116,474.42964449392827
182,524.3492414696798,579.7608391210437
183,446.7891214819012,502.8143050421014
184,592.5118894170041,424.80772627461454
185,487.1542722267835,543.009932226641
186,557.9829715344176,540.5507164377178
187,504.53198384902976,330.01812424628304
188,477.75596358746566,575.6097915970231
189,543.1543475401614,430.28001890777114
190,480.51865460270534,461.17896530005567
191,461.29473818824425,469.1073165977431
192,430.6690139562814,463.86415172833114
193,469.7499673656061,433.1158158537614
194,531.4501177382167,550.8233945091857
195,428.12553398810405,483.82750812804244
196,453.68471439599085,379.3641866507014
197,454.7294451619588,425.80061897094987
198,582.0494127614741,400.0585947639544
199,513.268599490411,504.7363517580243
200,515.3302371137487,539.927868576007
201,449.0358170410285,531.8520256249573
202,523.3157233689782,449.6444653594263
203,539.7030679122663,397.87304171154125
204,556.4874361552969,489.87480057372693
205,552.9997176041815,472.6232904787813
206,533.1615184533579,511.54513216908646
207,401.2223356066269,463.1408324928937
208,435.1227552791465,527.6380346882894
209,493.1163379509554,331.9956809930104
210,507.030645762558,500.27933648804435
211,471.5148214844079,412.0808488197884
212,519.4330125410644,485.50535822632287
213,544.9965823995811,475.3234267950001
214,486.36664190627505,470.6761818857665
215,501.3360371025938,426.27468222580313
216,446.6422508459114,444.2062933101269
217,463.14414493124644,503.93185427721147
218,505.19408304675363,373.5134277688364
219,472.78271011768015,502.7841835227654
220,453.51032194295595,525.8087123099298
221,508.2340897130579,408.94915925604045
222,525.4787104035313,353.38563749728314
223,554.21006888301,451.22563668564135
224,544.1807727631948,349.9591606932364
225,450.39815558526425,478.5148552634968
226,498.97561180617447,464.5936136382113
227,475.7180911821324,330.6051918614142
228,485.2471721474027,426.58462810223693
229,527.5990143941096,315.46792483240176
230,557.809966248146,402.8603620593357
231,472.86680018888603,443.248571961431
232,457.6317682411649,478.4128005585117
233,443.92852276266757,524.1711061250866
234,489.93297089179896,473.5200287213637
235,444.5053141189922,579.613522795398
236,531.8301638329064,470.98164891617483
237,463.1942748982212,449.4054051085083
238,436.1567680258167,552.3729076357464
239,464.6227932615792,543.2537781997494
240,526.3417563815764,491.8039555040868
241,510.815906474704,309.3755553617443
242,499.9693792742214,505.0202344865841
243,491.6489094128842,472.6373573231443
244,524.3537168175454,498.62472876642937
245,462.9576925822366,399.2369880208438
246,505.118249511994,460.23237942259817
247,454.6481138370694,432.56641239767583
248,483.87062467027005,283.3355227142254
249,445.565344609188,438.1672528866894
250,503.57654248364366,410.07218511583
251,471.80629605530174,452.7013393450021
252,504.9250338112905,492.04276283245605
253,462.36200436655633,514.6940386699739
254,432.5474224533036,515.2075363813979
255,512.905796271836,426.44748039921683
256,402.206043713739,515.0787862701274
257,526.2884931803188,470.3525930785652
258,444.54821407987123,553.9488452650824
259,469.72623737805606,437.83796962496575
260,587.7657590949848,465.6217620088897
261,488.2066105098926,305.70014640562425
262,528.7784103015914,449.3410007667366
263,431.09584240383606,552.0122790275188
264,588.506318866157,450.2133277585192
265,475.428119436904,449.4727364172068
266,522.5448996658436,389.78212661917684
267,491.9841852506553,399.3318396662931
268,523.516360235851,519.2283786568945
269,473.86154924280584,418.7493995796921
270,474.0115245077869,520.9516058134169
271,464.5663980323544,472.82167145581576
272,463.69928707398617,532.6745087517775
273,536.749932317937,398.83776873664317
274,447.64620843977474,510.5694917064021
275,444.2864808864069,495.0120125033498
276,491.24386779975254,499.06155092653825
277,509.3102518627364,374.96364227966694
278,522.1514559036256,489.25812277883665
279,471.8860509324248,524.207028680976
280,429.2919529195073,508.0005873238063
281,522.212289384677,528.0862793622875
282,522.6044251681644,521.5849271241711
283,513.4301553430561,442.4845787306034
284,519.8385388151996,481.10918280885375
285,414.0766062302128,490.54960882307495
286,463.48346010549983,498.90692006260616
287,478.9988457556409,347.9244760697776
288,559.8618536382578,504.0485689608291
289,428.25154749793995,544.3534762570987
290,565.15633307496,494.90856431808214
291,455.8191038953675,499.4110854774386
292,533.1591829594386,533.7637045762032
293,444.9571127762286,488.7133832832046
294,509.93546678869444,536.765595468547
295,499.4001440055404,509.5098107777589
296,509.5219638757178,432.04909537742947
297,540.5101634859026,453.9573189534216
298,477.4634568279801,398.25301394710175
299,560.9810400310733,390.9089856846779
300,445.54780164639703,423.7153581092009
301,415.7947564988049,545.5503203234407
302,482.4233382744782,539.8203774200265
303,422.6524840096808,576.9133951996644
304,481.2230571439793,533.0574963092176
305,461.82193752898473,417.6301927726132
306,485.39272264747973,483.53414002552023
307,463.6259822691584,490.1707089918793
308,442.64508093496954,440.2478465341308
309,453.7408869366552,555.2439003460072
310,472.16277520521345,488.946734066005
311,532.6535777903928,377.18473185592075
312,456.0118557384178,548.4273727048173
313,526.2518091461084,540.3207417828461
314,587.0614108469941,473.91338200942647
315,501.8468256503919,405.4596986677203
316,569.4685924742936,426.3457015423266
317,566.0595724138782,413.926710744979
318,585.355634882219,455.1210170388042
319,483.41258606197295,374.4826245145603
320,486.02172065657254,390.36321358203946
321,499.53430731745834,413.6317198120364
322,485.5032380211143,499.3905049531693
323,450.7587102486949,484.59993642961524
324,487.3619953441025,495.8111097032183
325,452.9932684076928,465.64394548336264
326,430.9483256839363,468.7581095843092
327,538.4090921536176,522.7716796212446
328,523.8955533069297,426.26252235419247
329,412.87204630627593,487.74235370699995
330,467.52303401947654,384.3969588499832
331,513.4441896693488,433.043073659029
332,463.83077886072294,587.7558107580012
333,564.4521029752176,422.126600883828
334,458.8931405164355,473.8355592261739
335,494.46935281699734,339.4121545485729
336,537.6634498645169,381.1709565761521
337,452.36266352150335,514.2991380285162
338,591.0726344386795,426.73120933011694
339,490.8715417615107,439.8539671381646
340,557.3609778914507,466.4612171649843
341,502.343838116799,444.30695247643763
342,482.6214996504388,471.5616654550111
343,549.834310413399,353.43683486980206
344,535.164616143907,479.7885493136895
345,486.3634487904324,512.6002481192303
346,478.46587564873516,351.7877275454224
347,458.03454726301084,492.17405404370584
348,463.29426113007327,524.1986422794812
349,532.8758892446244,500.64742844064784
350,460.41701487363474,495.6796467021908
351,435.8602647059319,471.1932709155533
352,458.48405689219743,520.8239094708385
353,508.0594622285133,490.65495343667044
354,453.3263238143938,444.5759610815685
355,459.45952631299656,566.997933104705
356,574.2925514669502,398.0176115445918
357,501.4568827394763,326.8307338717824
358,447.89188769246994,489.75181594581176
359,510.712170939288,351.64053756052704
360,416.4557659851011,434.05558899564613
361,521.4462795815165,463.5901086668309
362,526.0381477368662,515.6185640629539
363,482.2803158803588,500.52260038822726
364,412.97944865633406,442.2079576354716
365,412.72176598423346,418.96215261636894
366,468.52439912344977,498.1882290698067
367,549.9051454335856,378.27136316241376
368,495.6129104964807,526.7794439719096
369,437.6578083657883,510.9794095341021
370,537.9108705144489,508.3831698751433
371,492.55964905362686,520.678111909873
372,436.34787980417815,438.5830839609583
373,524.4662226686719,467.0386348375107
374,467.06483009042034,515.0254922064205
375,551.630886786899,462.6825351137148
376,537.9037389474348,512.9842469687322
377,410.6544082491913,435.03346822679737
378,563.100296357417,401.2384449075431
379,474.06392238366584,364.14835383250164
380,521.6789232363325,394.0634360112856
381,602.7961420622905,454.63130057394307
382,541.7953816881645,501.4419410156538
383,437.31300296440463,504.171064792631
384,415.1141343723652,505.2542325885938
385,457.1143002222486,434.6862864921901
386,442.7305283655651,590.5418643563975
387,450.9603652876424,462.2143097657993
388,526.643696594325,391.4174113217087
389,489.7154967120954,431.0838132965735
390,488.2111845374374,561.9536306405319
391,460.8976476880199,398.86670346589955
392,515.4886059680535,508.8237362216952
393,465.3920193191908,455.6147545438601
394,420.5886796615401,524.330606593995
395,525.4899025486441,546.0384507940965
396,440.04640949550605,538.2965646540945
397,453.3186257454657,547.5605947137146
398,467.17618221212405,575.9105817036551
399,444.87141770438154,468.87124207678164
400,572.3727361393777,464.2547170461342
401,498.27170369080244,472.3141670040781
402,530.4667117514938,384.3157498728979
403,508.28983806989294,429.4743111468796
404,523.6413249292848,525.5564952347332
405,504.8048419582366,399.1262076600572
406,544.5223828074968,381.6816436898695
407,592.962645232679,437.6541906291003
408,519.2258774725212,443.9240210509324
409,548.5126476313102,510.7853403168797
410,454.87197162586637,533.4500633926356
411,552.3218929229047,507.14291447942753
412,508.59942178081087,403.64711820128434
413,529.610210472244,305.23850795739895
414,548.4530745440612,449.1969565232912
415,540.875228624415,558.2517172987592
416,550.1231956577537,528.6485424872658
417,479.7337177839515,529.364121861558
418,570.120505886935,478.6649655785551
419,442.8466371479569,463.9170489076022
420,463.2953978530378,518.0114842892382
421,486.0945028629083,282.80456052698463
422,546.7062946626023,400.3703127691752
423,513.5367323200843,519.858980337834
424,525.0653820331135,511.033894483088
425,589.7201991439126,456.9049631323761
426,508.71023495310834,436.5623779263286
427,565.1821161677991,447.5522382558405
428,514.3678159601825,481.4407154961123
429,490.0424059676751,437.92982482815256
430,556.8486791799222,388.7631014507377
431,434.0943782098328,493.3519505061618
432,446.92942849448843,558.6548420591265
433,468.28794013358265,474.3670193958792
434,488.97845935753094,440.8983790213413
435,486.0441718091575,423.5699940095237
436,475.06608931996584,519.0898082714345
437,548.087206907388,491.87616198834553
438,471.88651224408375,500.27976305482804
439,579.1367238399682,511.16763972110806
440,516.513904570414,358.92530599041334
441,560.7127194613378,478.80585941744505
442,481.9767710937139,511.5499228483436
443,459.8071571971865,563.5041642276226
444,468.8645654649709,506.5162477954329
445,520.8208152556023,512.9077200008139
446,487.67684394125894,558.2537283812208
447,449.35249059648135,519.1645924848623
448,568.5301509987066,411.36924548748306
449,453.6111028913977,564.2370258980907
450,511.1124049345859,365.2048694440911
451,510.6367579822109,562.3301756822482
452,495.507604246397,460.4517965803543
453,422.4809858419787,459.59616768960626
454,558.3386713178969,507.6703749964674
455,424.14668783198476,475.72418194660736
456,518.6675793632236,490.5681141116737
457,480.68393507659397,395.7330139329387
458,460.4839796045984,552.6996911126745
459,489.4486351917437,508.4447863903193
460,416.4574619360989,531.100296273298
461,498.0426610488937,521.7955064930245
462,494.7017688379105,534.4215373600251
463,541.7818978404437,499.58054908724216
464,436.2970752394,507.0463874265334
465,481.54223154420885,488.64218052568793
466,480.22884783471375,326.1266953219751
467,466.05972164180866,513.5540619786384
468,553.505721659139,384.69334914361843
469,459.8668851250484,475.5594296035537
470,447.0827608298361,508.8830349922529
471,473.68246641665894,491.4856630525021
472,457.63555172484786,540.8496248832583
473,420.9889487290318,536.1150403831485
474,520.9300994425103,493.8459868912234
475,515.0514486995379,408.3037690773415
476,546.104410624297,512.289409211402
477,532.1454686370996,400.0578977162574
478,545.1228930128219,501.1200418314971
479,430.8496037472179,527.2928140542629
480,423.75440611531593,509.12711444864755
481,466.5609319034114,541.7139930982725
482,509.30357970670303,459.4426388681574
483,514.9609093545939,507.23130469183695
484,431.5731731975745,502.1424791477441
485,539.5112573607087,468.8279040169248
486,461.6313093631872,531.3320971832693
487,497.8180125532595,563.9120022775197
488,496.5625373098027,477.53501807404206
489,535.9393329215732,458.48461090738965
490,530.9457347738503,417.1517081139392
491,432.1061122605978,497.5458477813449
492,464.8024220209563,506.17466967241205
493,556.0693158401931,449.4295514955788
494,524.8866651014248,393.6012392490145
495,492.3577073324481,450.3730363827998
496,516.0106099566514,546.7841348342827
497,409.79735214781016,453.9954216828627
498,411.85873089370796,445.5386222605026
499,415.2420480018747,424.8122043071198
500,516.4061167325525,395.1714826444951
501,572.9723048326338,510.3390643876399
502,498.8462713305654,537.078932774614
503,473.4695657850099,499.8652199604745
504,484.3035375318594,344.7736053127153
505,490.7364319448478,388.58706436350366
506,526.0567380279035,441.47310963310866
507,561.1514817619479,472.1210481377746
508,464.1384579217982,411.71760652736464
509,530.5764522212725,338.30266930382686
510,547.4843669275375,506.52733482563815
511,541.5412951500994,462.0370480210477
512,458.66412979948376,393.16050903063217
513,527.1381512395293,513.6161583293426
514,494.0775391607908,550.0439920941338
515,467.8836432112392,581.898839934187
516,411.49958813866687,473.68602088209457
517,458.20529600060934,543.4448614107484
518,426.8470674525789,421.3054105209387
519,457.1382834824888,501.52559227694616
520,504.27594250232886,362.99663678847753
521,549.9853657340075,514.848955616878
522,422.76782601949253,451.1730721586962
523,615.3685513639188,425.81010022442416
524,453.1692106861338,494.5864753666285
525,512.001281248176,462.09227152163396
526,446.22467999020023,491.7956171121476
527,511.0774206666921,546.1114844331966
528,484.7708002260912,334.2746711244865
529,508.17906104471433,529.1097312342131
530,531.717508826234,353.04895665000384
531,430.3899507920762,555.1938859762814
532,543.9625182244442,480.9760107360223
533,518.6243940801197,429.15058741147345
534,496.5956674218283,482.98504162504736
535,558.9445405865472,485.25190536621034
536,521.6803402618302,557.4367984112537
537,534.5872178584112,454.1543395908027
538,520.029622326148,488.3923071538991
539,521.2273537989206,509.1859434805685
540,481.6834401240198,497.211170100809
541,543.3391832455414,441.06864538211346
542,529.1368889375082,441.7096288843543
543,502.5619545892307,458.6252626603709
544,544.5606625395915,522.083432708774
545,536.546442384724,524.1281606897086
546,518.1534314535143,375.2839384386522
547,482.22027550530885,485.23837245419077
548,455.03166306626207,551.6292407898983
549,490.26670014344216,475.74774728688686
550,472.9594157620705,506.24169560316375
551,477.92811944326013,532.1924070051247
552,521.3777864348232,424.8303943684066
553,469.2081163991128,426.12755075710345
554,496.34115698958647,503.0563196101003
555,464.41130903763207,465.5785932968573
556,556.2372048788368,409.3248218366255
557,571.7766483109183,381.4653294681329
558,501.74061718178353,468.7413163926355
559,494.9111805627234,383.4440041218302
560,487.74225548667124,530.9642850279785
561,487.6652880021962,448.6274594193844
562,478.8361497534325,414.87127225098294
563,532.0998767031944,547.904187068528
564,472.0541035590884,393.00827823741594
565,495.78370985100247,486.2674794567426
566,493.59654963186983,464.66281243439386
567,547.9346658367832,497.5167422959744
568,521.9086465076982,470.2274738468428
569,509.2615635378174,333.83727808963414
570,526.7715929753917,331.76979624299616
571,476.23186424956003,555.842186502513
572,488.42550431237083,479.0253339737169
573,442.84312891795395,454.087731025687
574,443.76150457495714,461.0018288668847
575,504.7214926717141,481.484498698007
576,479.8506245890335,495.22876834365076
577,457.65820011336956,454.0529849812221
578,406.80358105620405,558.5354132787949
579,484.66190441648376,440.6462420448784
580,495.13117114840054,312.2887906652532
581,511.79831716362037,385.77469951527104
582,514.992539487876,427.4730402104898
583,521.1992659922159,374.3124793164131
584,485.3041402076765,432.14597364488617
585,528.8452519351387,533.0688031074945
586,560.6605050589436,454.1862070142068
587,433.66621022109905,538.5922643773253
588,448.0163289116191,565.2827766000812
589,457.08359915776555,465.032023184571
590,474.34169977463966,369.0840822952865
591,509.5240444187277,480.9580458466305
592,541.2246756682536,517.5323098695156
593,490.6204094205664,463.72924255657995
594,503.78427145142035,477.63776164492515
595,434.09011760451193,439.8970302445993
596,531.5392086792675,434.0658119764052
597,439.28591964566726,523.0172089048127
598,532.250065946643,366.6246924190034
599,508.852365040745,367.16083464330126
600,569.8528087316756,430.950566618305
601,519.3924639756476,529.4391145932229
602,417.2614957279894,554.1357541688312
603,441.568410357536,424.90618556010986
604,503.9585246060036,565.4225737293702
605,457.3909081948377,530.9801173509285
606,440.3167379397609,543.4225840994188
607,497.28731699138916,337.8480369250647
608,462.5978361781274,494.06513713067403
609,464.9978105829359,554.7476487547343
610,412.66842513154245,499.2013690056003
611,422.1467557629302,528.6896702043591
612,488.7141958711062,457.2867139516756
613,399.4780471606062,555.1175616113317
614,488.87551471357216,503.6046961345968
615,447.89129266366035,399.60527215874214
616,508.0341080226483,477.5311641030013
617,396.00347488814646,466.3966742126429
618,544.6312550451489,443.9822353701053
619,493.87660150261945,542.6138174366545
620,505.53357561837845,532.6614218816543
621,535.8640142214618,321.6132462143577
622,485.52157182650205,466.7064457474332
623,532.9938198759903,486.1248877451334
624,523.4206426802095,504.5626540520157
625,541.3285144750564,374.8962450111524
626,561.9021851403436,462.29868862457016
627,489.6412936635407,495.67061053014066
628,471.5710952108433,571.539142164078
629,493.815599259335,429.30358766163346
630,469.5310909438836,450.98483070091083
631,515.6885330313984,365.2408484292097
632,430.34032699431117,425.62737887667987
633,455.8647281860264,514.3925826236587
634,409.5456592819606,508.94257710705284
635,425.33402711025315,493.25207149658706
636,476.4616393242797,484.2722570348842
637,491.26499597803115,526.3065617563336
638,502.44810824022625,379.3924468870167
639,506.8849626140494,351.2198479994057
640,458.0218623855195,533.0965911501313
641,552.449331477159,491.18672475194694
642,524.3679213141519,484.8780737748143
643,522.7215830821286,491.9805300418344
644,492.47567230351734,480.6799382599282
645,534.7882215425568,476.25828034250264
646,464.53171052477063,423.053692752717
647,404.4718147927763,493.36801262861024
648,470.2709041847014,576.9207334608078
649,445.2111388289156,367.21483668649853
650,520.3698207165822,532.8875458914935
651,423.69393954861727,470.1555894480034
652,470.9575027718748,518.5500369833921
653,440.55013607388037,588.254829186695
654,502.6820435655347,317.033137138795
655,526.5021545592647,563.8612396230341
656,561.9570000784406,538.5066816290907
657,466.6225099611448,494.92523520778553
658,507.1432762767344,392.2132796375213
659,600.8867680887481,430.3293124447086
660,549.3625751508957,392.20980794674614
661,510.590202983048,405.8803897487704
662,486.967154687667,396.08556174070674
663,498.48464916680075,432.7373581858467
664,488.2436620012207,523.5846376851322
665,494.5749933268145,484.5594081898178
666,465.66985499007535,352.45934049843873
667,544.8849017914534,507.14561563999126
668,496.5328604809867,519.7562270788419
669,475.64323260415307,385.6282022209445
670,466.6026491554263,563.87399936084
671,393.61393921248583,590.9160501701909
672,586.8370429092347,485.11799025066773
673,543.6957233325005,390.8378561199269
674,510.24558179860344,494.905297444792
675,454.02935130320805,452.5504611393408
676,460.50280499696106,533.5976679095731
677,479.5129282390541,383.16340620259825
678,526.8883826527258,463.62710081239504
679,497.537177696419,514.6158849300116
680,458.39801081298384,553.9734173799449
681,552.0862976770785,520.4345017119011
682,462.22017340988896,502.0471837147288
683,461.0547739677334,360.4039277379197
684,549.5921276836859,403.77239008330383
685,431.88736839850475,454.60538619201816
686,424.71274243427865,550.1041872105191
687,571.2298257986754,392.32359299249094
688,531.4249719440911,436.74291083238705
689,435.9586123194499,447.7942439532442
690,461.7324805506674,376.38979480283234
691,543.244330409912,552.5769524827105
692,464.84481856125535,461.893298502676
693,413.21261887731134,436.0703379960688
694,490.52296101361287,535.085893247441
695,448.3402136390563,515.973867686276
696,428.7296042092319,530.1242728883693
697,559.2094085506795,473.97280710797827
698,566.6017246597127,437.0977627225649
699,512.7941751219832,484.73755705814193
700,519.3738110465762,391.256668754884
701,457.28628020202456,512.4989812756763
702,518.7705957535424,558.6730993306732
703,436.5372851744074,464.39526067675007
704,480.61145206419167,526.4575274427033
705,487.95087965969986,452.7574662129381
706,519.6281164416771,505.1945768301463
707,528.0938901134343,400.86756576719404
708,512.2208936434124,475.64898462880365
709,393.343235189256,602.3577735608815
710,497.5244271122741,539.560309383411
711,529.9910771004354,565.5087224298989
712,503.4394224583282,464.03759904786324
713,587.7442909474354,414.2987421072312
714,495.7686414623289,513.2498416658359
715,477.7055841976319,560.3130620741117
716,492.6194660246776,576.7314880006966
717,429.2284330014643,567.8529209317983
718,422.23462266866,444.4618527020688
719,470.51941532534596,479.58204336807387
720,463.179098789698,429.66095649630597
721,476.69879899411177,506.7625571186061
722,478.3009879902517,521.0076082977423
723,520.0696720431529,534.9520569922674
724,545.0616550627975,450.5668938872765
725,428.49441490294697,494.4928860025026
726,474.5766718147423,526.8182779299229
727,497.4521250565469,500.79701205682267
728,394.90544011689195,438.8675297173075
729,459.504609124273,412.87260222647524
730,614.9172031129624,453.0691291050254
731,407.3014214580356,517.9321980662448
732,533.4685994191532,507.625274978372
733,536.4118551740754,447.27687845871975
734,471.44036559083116,537.0102156221288
735,552.0500272354508,532.6971606283038
736,453.39337150170365,467.701834265647
737,435.0051124528724,520.9277055746079
738,533.2285697260958,536.1409484128643
739,461.58156089461613,464.1030234566059
740,499.9608985816173,453.7765486745901
741,581.1172715050484,426.46887454743364
742,470.1332897683381,564.0277808833407
743,451.9306229676075,553.2737586871597
744,527.601918700939,526.7290367015661
745,496.73604301006606,518.2190980428392
746,423.49075534058056,587.9767483571854
747,405.9545570388328,412.11723852322854
748,529.1061571338373,371.1585139457554
749,511.53460549797745,524.9342809347678
750,491.45944653448595,454.32163591634117
751,513.2372872791555,330.5383295020583
752,482.12243241859125,445.62748434058085
753,473.0391013252767,414.40569045063154
754,430.4999781874599,523.3787922907147
755,417.0656945218942,496.2964192809182
756,554.6347367314887,479.56525733367266
757,412.7222667683743,554.0006521915809
758,449.220086630244,591.5364353377714
759,457.88819344004065,514.5537932159717
760,458.5794545259849,387.1793727604272
761,435.33662027210545,455.55873868119886
762,421.90633339086094,492.9195167982689
763,425.0555997162463,513.9440171713551
764,454.2654437699432,538.3156376105212
765,588.0392084765064,495.04605769677215
766,573.2747608607112,438.2086169373645
767,518.7212551176862,570.3962580388824
768,485.94299013461074,519.0729991860514
769,568.9782963732492,493.25153288341045
770,537.4932235433063,456.7604828093746
771,491.01182253994205,319.14447571165203
772,601.3459728855916,442.9348527332582
773,438.2537182277612,456.7385644403041
774,609.087433064325,444.1072226305727
775,542.0312364072312,410.29253971323186
776,507.886381791908,523.748309335323
777,489.9949004868892,563.3497745983398
778,527.2937783026177,556.0923277994689
779,430.6810475314005,510.65294216986
780,487.4024147711183,467.9064115575005
781,457.17780366870164,509.98918216075026
782,475.3580223821505,455.2181053624127
783,603.74074303785,468.53963526762783
784,500.84807818086745,445.64186862351977
785,442.291937401007,417.796023744768
786,449.6455361955332,433.90361305639584
787,441.494445624621,534.1419606483361
788,457.03539756027345,443.19718887622025
789,425.53431912251193,413.32318711268607
790,492.4891819702477,372.99092617815893
791,565.7600899753068,391.1528035647775
792,508.4985356155888,514.7794664245346
793,414.92622967007276,453.003457854308
794,504.4693944500432,549.7411449234594
795,482.0975265127963,458.5235932950241
796,537.8937457427577,490.9497410641489
797,515.5763307405988,551.0006024747504
798,485.26040124862806,290.2052610697366
799,484.1109498014144,395.9286134472504
800,416.1936600356014,470.8997238695886
801,424.07787300054673,441.3225624720545
802,488.85778835860765,485.52529625310905
803,475.5752971034262,464.3795751489094
804,554.0384407802653,500.18433927110027
805,514.3984865466435,555.4552197051801
806,520.2307134379963,503.08992755775387
807,508.6062056149749,401.84360652263615
808,435.19896443735445,474.8364495217506
809,476.01408714338515,441.0267481860011
810,530.6201174838639,381.6613522737733
811,401.7306548165024,466.5765445276159
812,490.96382043215226,457.1111803773766
813,467.6420621792154,547.7721137244636
814,508.3238169964642,417.9838839243784
815,529.019886360602,516.4452886826541
816,554.9242298367571,377.73149069446777
817,500.21451791007814,422.1705116818803
818,576.0425430850613,448.62875865778335
819,561.6398625124255,381.93144768491567
820,525.9005296277164,537.3722656490531
821,419.1276293784619,445.7471590307107
822,504.66782662823647,388.03275261056876
823,511.6813283231703,465.1151210490999
824,418.6727413481171,439.8002552167768
825,538.2875534003113,466.02702363677963
826,436.152246993033,487.4785873873318
827,519.6625701237458,466.8432846111305
828,535.8131473382174,564.3359672017885
829,516.3204733574302,518.309368472769
830,500.1179542170839,390.3511667610256
831,533.2383890167279,450.08630392408696
832,417.79304230714075,516.4690466734288
833,525.7472171812565,380.867490623758
834,446.99977761269224,499.4410101895678
835,473.98966220630916,574.0799017424409
836,399.5792086122228,508.9703983007008
837,447.71880086829907,542.9601779778856
838,450.9112232301838,399.2175273378919
839,553.9288245093102,460.57653841733486
840,538.7584907883571,481.6198355338721
841,436.3480327134951,555.6056665513297
842,465.97813605412324,480.7880864949187
843,541.8912160954944,362.2827993964756
844,458.7378945456123,345.63497954340954
845,493.06120340038643,470.95617429319
846,544.7954507429275,461.9150110588547
847,442.19887437704705,491.6337583993963
848,455.86251414219805,483.6729600513571
849,548.144374460476,502.23246245474945
850,511.0182240232765,417.4767065815316
851,450.2756694746738,541.4581876904585
852,510.3867007970207,399.9933136278561
853,479.64775070989594,548.4420888125768
854,428.596835146625,515.1894000509756
855,465.9236305048644,476.7644252841727
856,490.8887268367404,393.6273321716677
857,512.126379688939,571.4699941916301
858,425.4416119748827,490.3466997756785
859,455.8225679115767,453.7085598935733
860,478.27096246518323,477.6846964025373
861,527.5510137630272,481.0896325848176
862,574.4980060807684,420.3308404932358
863,591.6530915630457,463.543067828699
864,458.51678502847574,525.7672093737212
865,518.9515646430908,500.86691973700204
866,477.0803441362667,491.18648971620473
867,497.24509639113313,496.9943467273017
868,537.1791461639605,502.64040171413296
869,545.6692023584484,425.23444756564913
870,553.119010585938,440.993684273056
871,538.7099206272593,404.4894049457849
872,412.1954681938281,587.417887130424
873,476.1290406594214,446.16105023715477
874,485.7071472860438,509.1991247592849
875,461.7975105854777,560.2223970072653
876,563.5362498045855,379.51438558228267
877,433.7321494128745,562.8064631948063
878,490.9732971034544,511.62010298006123
879,418.6676902150492,508.2306928982631
880,396.9201697752191,539.9798474170993
881,415.3913734867532,526.2701164634029
882,522.9887033265645,452.16725510657966
883,428.8407084248295,413.59437771554536
884,497.2959219722909,391.4670065872695
885,431.42063261378786,537.5328309718305
886,434.1398693732992,459.4192469666598
887,497.88784196533607,475.85551391111983
888,439.35610103693546,446.40992896008464
889,414.4958636645543,528.4872049404469
890,524.1516622286567,349.7937498759047
891,502.72652209089824,479.6059493592372
892,448.5875426446408,553.6312184149541
893,525.8120485014574,362.65347067385943
894,487.6456875084518,379.44215670934
895,438.9500165082224,482.81776523061114
896,513.4943715335384,515.9651836291478
897,559.3469397321788,446.73078784535136
898,463.24327230728505,468.05014935037383
899,472.21740057471163,386.21372207917364
900,464.9161690111377,568.1743041183324
901,507.47429721371435,444.2509406396963
902,426.44529826856746,506.5894971793854
903,460.9821416077906,480.43566561006264
904,583.3155536985164,465.6471076178542
905,441.43560200149165,448.437243054754
906,566.1870154010811,515.502659106789
907,452.9084557636633,478.9837418668997
908,505.4513726292039,494.97712424990397
909,452.9383914983353,519.690574965552
910,505.54310822695095,486.20620094116964
911,419.6215460105637,529.5313624278822
912,539.1362481766754,434.4539594000758
913,431.4851671924095,477.6508360342762
914,464.39955318867806,444.6472605134076
915,546.4062792401108,394.4412776171106
916,429.98825140057664,489.4488500940072
917,471.0752221429853,512.4364194760294
918,480.56010930171954,455.47325782471313
919,552.0582121252485,543.145169040274
920,563.5320801704478,437.8621131761426
921,542.8907022666368,528.0091230387372
922,552.4874040389402,375.0340904876418
923,464.48794550425043,362.8100309856725
924,546.5030697391965,485.17285549040736
925,509.10556297162975,513.0150223784356
926,507.92257480345404,480.1367788797867
927,490.14842839505,550.9768241731332
928,551.5727558183023,445.8044850498457
929,500.6197526863353,533.5878031531543
930,421.99045138438345,480.1501503323794
931,408.13532965488463,550.4402944949755
932,562.823207759762,503.6212228553387
933,453.6357809145563,485.9788219025463
934,498.52231826021904,456.49340716657986
935,425.0495896486346,434.9878542945269
936,519.6274269912648,313.6259559726033
937,420.93286233433724,511.36121456542674
938,450.42981928382534,522.1855366958974
939,550.1805060898238,420.425049703648
940,516.4446584030507,351.7746201100124
941,480.1257882227609,504.5901594064858
942,500.2739421707315,512.4661545139246
943,471.06294060354344,540.5649690563985
944,506.43607375379366,504.72091038077184
945,526.8014533163854,466.6502707089956
946,482.63811210438854,361.0537371892257
947,535.6822279270158,361.09575222234787
948,516.0524441255831,452.54682447366156
949,514.7056347964883,548.822770572426
950,550.8763251833352,552.5062783756379
951,430.70764799897165,457.87755849193303
952,494.437922838832,493.9770464799489
953,490.42235243959425,528.4439469806246
954,405.9698732818237,481.3759062988
955,495.6616802274801,377.462041771575
956,461.11044745494786,520.92591964972
957,436.25243079055554,431.85435411413874
958,461.8392737651339,452.87207769841143
959,530.688032800622,495.15648890064983
960,536.4672873423727,409.5865809950456
961,498.42731387629885,401.9757894913791
962,468.9023031668751,531.131954306022
963,616.9690412054521,428.34625603609794
964,520.8504369003377,552.050743631834
965,565.2411352378831,457.5074469213093
966,468.9039925554508,484.1761373775752
967,461.96207225317914,380.5607888586579
968,415.84534117042864,438.2114313405133
969,509.49668473619056,486.682189983474
970,402.47056578094924,523.8187446654614
971,417.07051093780876,560.5988039416005
972,399.98156250596656,525.9445418594161
973,410.9384222321252,538.5145145780212
974,492.3893598665506,447.2067774912616
975,530.3724254781067,393.2477448828992
976,501.7687994006604,482.7244263081836
977,456.7341945214327,456.17065888274857
978,526.9371501001166,498.00644911822275
979,479.2558970240742,562.3262155300923
980,517.1156078259982,466.39936564196006
981,570.987702831027,394.5445077276194
982,523.635562714756,522.7246083900164
983,501.0813354624173,474.36279282722694
984,557.6137106834204,445.640690118413
985,529.602115829831,423.78299165904644
986,567.2401003794772,481.4325152017715
987,478.5178431900389,440.0229177501539
988,416.5035970849329,546.3870343673839
989,503.8212810833642,430.4689970995962
990,474.9732569462803,473.85939673484825
991,501.82167392180725,503.10405612490797
992,453.5922394677451,535.3834918229966
993,437.7168048849156,452.0853808741648
994,482.6114776059369,514.963601805486
995,421.09905771897695,473.2196958837318
996,519.1734051235208,389.0254660296314
997,470.7607895835702,473.5877567143054
998,536.5500285868632,519.0370119370397
999,498.5252814143397,307.0522449346944
1000,529.6332682784926,463.7969382182494
1001,428.6126973042101,458.46094624724896
1002,501.9978701202196,528.0171231510009
1003,486.2313042448882,516.4789501711181
1004,477.87945414031,481.0068232440412
1005,616.4452160266837,444.5052035602399
1006,547.2166325843625,378.51255918479814
1007,463.5104840442101,481.3634099872312
1008,418.93337556896904,460.728804320824
1009,449.38408526403873,463.6964973334925
1010,540.3693215708132,521.1602299255829
1011,510.44837880000125,388.7554529016851
1012,469.14798836024306,461.4581689520966
1013,493.4868888432569,504.9178687281546
1014,516.8643838999421,381.0978634479193
1015,518.938396157889,395.024885695426
1016,527.6293505444539,521.4460914331931
1017,466.6298666377928,488.4847614006696
1018,423.4654607636884,534.5355977594448
1019,435.0182244864166,489.6145359219879
1020,494.36798187350456,452.4048978459475
1021,504.37186050252626,305.18448648318855
1022,450.6560625868923,544.7190504564252
1023,525.5884498010462,550.499333162371
1024,597.0430532791069,434.25621791178054
1025,563.3280813337451,497.124505953456
1026,569.9728825897988,461.5214091632346
1027,419.2386110040847,467.2690003283428
1028,570.279784612861,531.9723273233585
1029,505.84650233126945,381.8474827115678
1030,543.8537526174065,548.6407455986042
1031,447.112900940481,432.0326077749436
1032,431.33531293540307,460.7137607612535
1033,484.6817648018227,574.5383519234813
1034,561.195337527333,512.1740872383469
1035,476.4152898503237,515.0439441971865
1036,439.3203972150649,459.0695645481719
1037,435.6384309456212,482.37672564069027
1038,568.3257721077166,374.0562807365237
1039,539.9375545624032,529.3933738374449
1040,458.0328974734575,504.37695810675586
1041,441.8768570633043,521.3157574471787
1042,505.50585668861845,517.5108398131794
1043,457.15345912923806,576.0267210066809
1044,469.1436616100809,526.8031816240995
1045,506.09788472420723,462.8996060315498
1046,518.5705918486257,477.12232001613654
1047,396.3808275503353,575.6248345086614
1048,421.61430275670944,544.4583633026575
1049,634.4333350190166,455.7864811626524
1050,410.8236630401313,488.22899670929075
1051,467.2008866175748,424.5236156772533
1052,534.3937993061127,490.4675243433134
1053,432.13800754019496,467.5469620591946
1054,424.50816056401794,464.90520413704496
1055,499.2393095743714,548.0707166413754
1056,552.56604690319,386.8151627880207
1057,544.6157720229639,426.9021696674908
1058,526.9480716795201,395.93884275293215
1059,550.634497379019,407.435705747719
1060,517.7821176306938,509.94256518922174
1061,465.0575709144608,527.6765627818862
1062,500.2853603367651,385.99648638426703
1063,404.30373177435564,432.87049394407916
1064,488.77937162968794,432.49273525254046
1065,568.567406318187,476.22814954731376
1066,458.0679729927946,481.3582809461274
1067,469.3698826113769,422.471775730629
1068,513.4220335256441,341.63967443310327
1069,512.1974581432701,437.7867371801485
1070,503.27668512787795,533.8911612627795
1071,512.4243214173125,469.4419030653802
1072,489.3486152009685,324.9746216064576
1073,538.3531941077438,474.82176170090804
1074,548.7706360530973,476.48605023060634
1075,537.145867018461,541.1904977158421
1076,491.50931166295067,482.68849385409044
1077,486.8239270029693,361.5028208805642
1078,504.6646948626346,355.55581676989544
1079,544.0598544333955,386.08399888210056
1080,415.53252579224227,473.3484824321004
1081,501.9792797062129,366.10410332864285
1082,475.9879464580656,372.45151924740577
1083,476.77804296762037,421.81400400940123
1084,476.1974989168766,344.15218806780837
1085,409.8581859498412,510.70695515429844
1086,400.14820037558843,442.09371842300425
1087,482.25296859949066,492.4902668792039
1088,442.289245233995,551.4565746399649
1089,475.2806247339474,571.1860920466709
1090,519.5499725936343,367.79933545210054
1091,423.3546245122824,517.8617919099178
1092,444.7080796003759,456.804320825092
1093,423.62648936889303,557.2782682761722
1094,516.5015240124338,561.8824116885934
1095,471.9895658263316,486.6345279149886
1096,563.8810629114072,429.76323138566255
1097,573.5299043256515,434.8415115097562
1098,446.0270707315674,585.4412499001365
1099,416.2367392164753,564.5195199070002
1100,511.13349782642644,509.6132000918427
1101,429.1159931728088,579.6517838906913
1102,512.0215053436824,497.31240866382603
1103,434.98960477635825,590.5358189000839
1104,470.25465843634436,559.0378246726658
1105,489.19940524801666,398.34442926932996
1106,475.2197067935286,391.5635412206865
1107,477.93185750762217,523.2626159711918
1108,408.0677278459789,455.6451009001235
1109,537.1481641454039,372.0620495880722
1110,489.12609966268906,410.0977408213449
1111,465.70731717146293,410.1736801383694
1112,458.34085070048155,375.88237614962446
1113,550.5392036814466,536.304430017183
1114,502.80761151925014,450.24080283827266
1115,504.56412973501506,323.43554461883275
1116,537.5237055086616,545.2767715105252
1117,430.9175439235592,569.561123135772
1118,528.3422048485104,510.16564849852415
1119,526.0483224293329,415.3123083029611
1120,505.61382015560395,509.1051197790076
1121,588.5136062723936,433.9495468440915
1122,536.7581933878694,376.12758943639886
1123,488.32174195660565,471.58971385616684
1124,481.5261569030815,506.03589287454525
1125,514.9263991754658,422.73476947942953
1126,490.0175907392174,541.8607896127817
1127,446.003198185897,470.5958120976225
1128,544.1969584545467,467.33465930884216
1129,454.34202262705094,573.4739271584488
1130,409.34446076374,566.8384405697618
1131,456.70016326526786,371.38255011246446
1132,494.31632701292216,408.28519634847174
1133,508.2859652759632,521.3781504203641
1134,492.2963964651159,579.1700870972899
1135,483.10393273797484,542.9965162893601
1136,535.4793757005954,392.3956116914212
1137,482.75815449825063,499.0756163979484
1138,434.685172178782,465.9536439163687
1139,425.08113638976823,450.95018231878026
1140,502.1798046619205,497.46562592878604
1141,538.5559067117381,555.0599322013741
1142,513.5447111090613,502.07603129560516
1143,457.0711662604773,564.9927238068451
1144,566.4781841775102,435.11073427575366
1145,460.66572087989175,488.9345755682747
1146,542.9537941631315,447.6416713593635
1147,548.960870760212,481.0198413975173
1148,494.9694593984707,524.1820611671023
1149,531.0468760179192,320.07122198147414
1150,503.8874287314788,576.3334656017895
1151,513.5868538509319,478.41689080854934
1152,482.6046944193412,345.0132075744539
1153,457.55226127133506,527.5292686530728
1154,464.96701532512293,560.9157541659902
1155,446.11757237910444,521.3372190043427
1156,451.43245138571643,495.8224182104909
1157,445.9513031856771,534.5427512883828
1158,526.0679281616136,457.938844522103
1159,509.1648273779914,493.26242446595313
1160,453.55302623821353,488.87739984103484
1161,490.17329833751376,501.26924348796103
1162,444.139261428607,544.5775224866424
1163,535.373216064174,514.2454301496235
1164,565.5300767940973,443.95821525247305
1165,519.1369671172512,498.4067453967179
1166,601.3912820760202,460.53849581736097
1167,464.8918182566575,549.0640982417038
1168,489.01122073322057,294.65902098277326
1169,534.8278333756397,432.45206332792196
1170,536.7253868602959,387.5370808481341
1171,526.8487554769199,385.0130214527874
1172,495.32267186924025,444.91080877211346
1173,478.70372488728,497.5007058384912
1174,471.46387018550064,493.5008430713041
1175,532.538790290678,338.6630480023074
1176,433.87191143278983,566.286968931649
1177,414.6688667150931,500.073054219803
1178,485.82402145501965,416.8639705612525
1179,446.73113860195025,486.0427057692848
1180,552.8981960360496,465.9828024921521
1181,465.8229804327743,530.8258328168473
1182,428.04461583045423,496.8980697338671
1183,492.49589806794336,558.8741851578089
1184,543.3734765169837,325.20686158199396
1185,497.4475570304091,442.70299409363224
1186,455.4245001614737,558.1132136907765
1187,456.4244880944886,584.0603657737845
1188,483.1572711436261,480.45117722418314
1189,543.0506526621308,397.9176352273746
1190,459.29719915875035,497.2353924978242
1191,445.3652387871086,504.5728228752655
1192,421.49340704905256,456.2126393509177
1193,511.29252686630355,471.056623971259
1194,536.3430114637013,494.80620272821386
1195,520.3760313952988,401.19843806077654
1196,557.1600206982619,503.6702799211002
1197,506.1806464833488,436.2137007145487
1198,565.4681053872467,454.41533709006967
1199,544.9230436139763,365.28374592054405
1200,455.9084273214582,449.7059024962529
1201,482.1480928953388,464.6241862488056
1202,499.1354599338282,450.6157194512827
1203,471.8308450556798,354.56682477933657
1204,534.336325483516,429.67299540384136
1205,474.44124738782386,556.2496200728292
1206,488.85707902768354,443.82688167487566
1207,475.31229592073316,513.1327880074517
1208,571.508564201503,500.2675188752553
1209,500.6995419947869,450.9404844998507
1210,513.8177541280207,492.26575712237855
1211,469.56953731845147,535.5275244704951
1212,497.3372499536179,567.6562580282837
1213,441.82284999485023,484.18320588451684
1214,398.25794366055607,598.9299191275369
1215,486.15147584120353,528.7491052682063
1216,540.5621879960075,439.24092823685606
1217,473.61931803741885,450.59022188201834
1218,506.10635916855745,467.6490599022476
1219,455.9192333880792,493.75283160027965
1220,565.0264452603419,383.45938209069607
1221,508.3388499598481,507.86383405565545
1222,485.1361004442138,296.56652251009
1223,507.23409135635603,322.5087797548062
1224,559.5978419391384,370.81604424966207
1225,502.4922389102381,350.0322403867255
1226,452.982050622072,474.7814562413361
1227,589.6763399952815,411.5833366305328
1228,597.8442794815392,416.20476062635777
1229,461.06275091222057,583.2432121973126
1230,593.4327838008867,445.34450311495584
1231,471.9764831689406,456.6557777692256
1232,463.393095199911,571.967167918757
1233,578.6865514402527,471.51053911511497
1234,502.97820847655055,580.8330552576809
1235,472.41908078228755,528.58554205122
1236,534.3350854887909,465.7172964323604
1237,549.4228908646902,384.3551123975891
1238,468.66862795619977,517.5325296057212
1239,553.880001482494,368.9578559120341
1240,545.1412345390424,371.3587693362206
1241,516.2257069684351,373.8318683976578
1242,458.5298921226762,458.957660170658
1243,538.1118607238515,470.5104091714237
1244,471.918233855322,576.5013104048303
1245,516.1862210263062,520.0702198591438
1246,439.1430413177779,551.9378225532345
1247,513.4382056909617,322.58486159783405
1248,417.5996570768371,491.02862223889696
1249,425.0511845411143,525.2761639432425
1250,504.2122316594019,526.2772235907215
1251,454.883994034476,523.3608575033131
1252,485.8740352846782,554.3864353352005
1253,577.9077324082623,453.8094225165184
1254,496.7408633870481,586.9568510352185
1255,423.2250198804044,502.58705835638455
1256,454.4232482320285,397.6446931077836
1257,414.64544566842073,557.7180909206655
1258,565.2008650543145,426.8847193275309
1259,438.8143018841833,472.12626372786127
1260,556.3748247696008,400.9320514681511
