0,504.70004585557047,512.1344486454054
1,531.4762985737545,344.66832321154834
2,503.7734254777824,437.305116827376
3,446.9382030921509,490.46641366438394
4,536.6958474659888,294.2646378066866
5,528.9985806707375,509.34298315488707
6,516.5611190663883,483.86216606257335
7,557.5901910504073,325.2273789717889
8,481.64834264668326,411.14828610265374
9,473.79213605561995,526.8813443504323
10,522.5961997264527,540.0577464906197
11,561.8695725764092,330.4387977610184
12,504.1008667721881,483.83053718733146
13,494.6576102383897,332.2349114895238
14,529.896728289744,299.29688383600575
15,500.526935761398,505.2336752649047
16,505.3486078855039,530.634944451585
17,485.48459546901057,470.9200465347715
18,522.4512849341985,523.0710944459132
19,526.4268351174373,327.40668824469424
20,466.3786816293918,509.542232545774
21,527.3206982136917,317.13632743648225
22,469.18108995505077,520.4284637759595
23,452.90512795206945,463.0628628933104
24,500.7604458728427,323.21442855385897
25,449.2022745104018,518.9288806840265
26,491.82177884923294,555.165313628075
27,498.5012362409569,506.52236065537096
28,498.4959183733796,332.16638260938646
29,483.45041614087665,511.9845646657483
30,499.38784419968965,500.20130472929293
31,495.1716183602962,463.43096271017447
32,540.83229832192,509.8096200322498
33,505.1379531589632,518.2754743766168
34,521.4141154581348,333.26184950387204
35,478.8479110513911,458.64355002912674
36,488.3465389310316,542.5910339431605
37,481.516398122503,496.18237753834535
38,493.6616112553461,534.416637978611
39,537.5919320543044,492.0782863591448
40,497.86162549122446,456.1039993063709
41,523.8625839475735,359.28557856339097
42,558.2271715480326,340.4023057966525
43,461.2247342932648,485.26770960936693
44,507.3093434946796,291.73136074286896
45,445.8522576091811,544.4159082940782
46,472.29880209447305,477.3958527416177
47,468.94102490804585,524.3671652907893
48,452.95963266794035,474.2662397129332
49,500.99651963283793,426.3762882442103
50,518.9814137395347,516.7482269944576
51,484.1846762539413,558.5236321383048
52,513.9597992214311,533.4466923324147
53,442.4799419216289,510.3087835661878
54,552.522917619335,352.8255787056324
55,459.7991878421455,469.4621643286108
56,508.75864678996794,538.8760740234156
57,483.519307237837,480.11141119643264
58,535.2926326503189,343.0464710050305
59,449.6506474495425,544.4059883969825
60,497.32053110679817,420.53040810747217
61,511.54585165744277,512.6104643974767
62,506.93362128154837,564.1663502516376
63,502.91212177055945,521.5399629887702
64,524.4804746078357,514.8483785788902
65,450.8216207604962,469.28637003567746
66,535.7535277256989,543.860920272592
67,532.3827084626712,532.9399298360938
68,459.64200504642304,533.0701959804231
69,492.16235991536115,310.4268303379991
70,510.56513778460743,495.9603498224336
71,445.67932384218733,473.00441491373533
72,459.3597023899719,540.9002123925866
73,507.1781520684104,503.8297461284429
74,485.9913178586973,488.24820366182325
75,433.49869910833917,510.16112720183855
76,499.2425298592886,510.02439734894466
77,467.0801480823874,487.83730813716613
78,475.00782901853574,516.9672561132924
79,516.9741265788972,416.85870002520693
80,506.9517499910687,355.3575818843815
81,487.8266310317129,505.22584785039703
82,548.692761200818,327.67570855312806
83,419.18015796853865,577.9737778119065
84,475.6397422539002,501.2854063332942
85,506.6543722986422,481.7118654954128
86,467.54335012886617,526.9705515260463
87,486.383312736545,507.01414939320927
88,440.79496784901164,457.81403463210324
89,451.63915321346065,514.413961893627
90,513.2530166912128,436.73601293211743
91,507.6530629471995,560.6471665318588
92,521.881467646776,300.44151369977976
93,459.6671609008283,465.37591624247057
94,553.310986251764,299.85688267377344
95,530.7982880236194,334.98618001546276
96,456.9195500194522,539.3549918948864
97,529.3843249766484,489.5230489712754
98,521.337913713992,298.0936303727141
99,454.457384855946,546.1981520493698
100,550.167337161323,324.6510406144909
101,429.01107493826817,489.0271022027341
102,439.35740991162146,522.5111242977098
103,510.3342959461701,529.8928869248386
104,484.9602761825223,491.5975365757739
105,536.0050267359863,505.4567943363902
106,506.6819944003594,363.2528744110852
107,528.5821878602421,276.08724910356347
108,469.1271556618413,551.7739108751551
109,543.3203118687239,336.6639607604338
110,480.2855832651538,524.4722810049296
111,528.1802638342942,312.72109909228953
112,525.2118692434985,366.1761050094675
113,484.40704030543895,534.0929393218098
114,430.73596712984346,553.6682253669641
115,489.7223180508421,559.5055338811778
116,460.5572311206366,487.5353636804976
117,446.0231628193834,499.27325348516456
118,509.58702337521623,515.0997484042011
119,547.4955833996897,341.5698059458103
120,439.58145720795807,563.7240898008002
121,512.0819736342801,308.39806180024135
122,530.8598890403532,550.1698970660293
123,529.0655179409792,528.6279771513066
124,494.785301426062,466.53996961872514
125,463.04500847386896,517.8670256018706
126,496.98829603150347,408.996166836166
127,490.1461256533926,518.3175520171329
128,526.7872270259406,552.6659016009638
129,446.16580769203193,504.0488030374697
130,529.3516348961994,293.82360180172014
131,528.439437371946,309.10520843280796
132,472.39012382863797,519.0073947282292
133,449.1250111039408,524.4379381971553
134,444.20857223073864,454.33683234992435
135,551.6845181181816,328.23181667655626
136,507.8574000723977,315.55550086286365
137,454.91233465751003,554.2809640977964
138,525.7592641908668,342.65061657220156
139,466.6094773552812,452.00956504373585
140,460.77708791054516,460.5366600951056
141,468.5786804045587,474.9718470767364
142,500.7635049995644,559.2321153568618
143,482.48024631025453,489.3715247282438
144,460.42530974565335,512.343687560147
145,504.498587976617,379.93088066558016
146,414.61480978793435,534.3056571909979
147,470.2299655653724,497.49059966249087
148,462.7987378892251,531.8894500180656
149,461.4007517202176,525.425032708568
150,453.4085124043473,516.0599616569917
151,541.8205246797569,313.29541997365914
152,544.0353373989559,303.2687940673296
153,512.2496988033107,547.4668451905214
154,492.78675019716195,283.13550521229234
155,451.7389054537148,491.5923359900356
156,538.5973316962946,548.3102384679552
157,529.4903799490456,560.9858967218629
158,499.3227510332457,386.1870915757637
159,496.3147677552126,307.0977091491193
160,528.7988622690187,329.76560605406314
161,491.38641375022195,295.76071425300995
162,492.84101088021146,341.64051089363886
163,498.3178601866646,310.9883129425498
164,460.04617169754914,502.07530386854353
165,520.660802716003,291.06917423732995
166,514.0375008563328,316.19528055458386
167,499.28676697031733,487.18214790202984
168,516.5202627717842,284.8179906439905
169,518.3688550412459,500.6480465714809
170,474.9163810894313,509.5568550286739
171,495.9083239024054,394.86591664213876
172,438.6644467247802,537.7608665513136
173,476.3512148843582,477.0209306268657
174,500.751736108274,515.9190748315632
175,563.7393929910409,313.1403908580575
176,550.0143125259325,494.3578051124096
177,524.5876676194949,313.32921970949553
178,509.3477306936892,492.7492567225182
179,494.06126922605216,571.5436959668342
180,517.296196234259,572.8856194024644
181,515.0564257135729,562.0663420373892
182,501.4658553505453,548.4693615395067
183,445.03766640319304,494.1481488914738
184,547.9271787168817,294.7933856578708
185,480.0276662244361,508.1479394036246
186,499.93435496486757,420.3512655289111
187,510.9855754290247,489.7712146536473
188,546.0913800256791,288.88033457566115
189,516.2483738307228,508.762391607737
190,493.14138780212363,316.1754449894454
191,468.8714779065944,530.7603787790881
192,500.7548208851175,304.8009597632162
193,479.019026325776,531.4671241530432
194,482.4827787167248,506.8176736488648
195,544.211217262524,529.9211768291631
196,493.52989050036723,519.8241493507666
197,458.4573336029028,489.53759718856094
198,566.3831386343059,337.6366440779565
199,443.2669387534472,505.5919195863003
200,487.2185277285272,494.1303008005742
201,431.1676167088602,566.070565488765
202,497.1055859649083,528.7992638129125
203,430.5034450396146,511.3240685972196
204,500.6216096059448,347.1882297568825
205,439.44005211334684,447.735909323472
206,562.626047534899,332.95101678177195
207,519.636298697538,523.8935537039949
208,457.22101152938734,530.1803803945915
209,556.1461893076629,344.06978452176884
210,473.3489419129983,474.00540194928897
211,495.7007265945443,294.83157088151023
212,443.860456768462,480.8484137328063
213,497.99792189896476,474.4262555792414
214,517.1311094382079,322.69190492193
215,431.6166481927053,536.3739396045763
216,526.9280175111599,297.4642287197904
217,511.00832020322036,438.852641174775
218,518.2379465061067,290.9991787171071
219,456.86846692015496,485.06745407255903
220,435.6666240299039,516.294839761819
221,436.66432042635336,540.5798102342982
222,535.8077019523473,286.6485310603377
223,524.3102401758708,517.5401206466855
224,547.9255170071516,319.4169865945699
225,436.9983268748867,483.62478294148406
226,533.2223374164007,501.33926927460504
227,475.99140053232924,486.95931849423124
228,530.6656844728608,434.3813855712338
229,490.6062388324109,442.20446442443927
230,539.6528186196788,499.6774772872673
231,427.4640417825012,564.2868876773199
232,543.8830102062595,394.27476061711945
233,441.11983146098567,557.1959826378677
234,511.3379263178788,311.67195430817947
235,442.7346639721821,530.3236738375599
236,561.5381421984033,302.80736116081965
237,488.5006859330142,520.8243057856406
238,422.6666027112088,478.83531974049055
239,519.814365655548,521.4499457920821
240,494.95076983234935,376.7810153814593
241,483.8862023274273,522.2430667191453
242,509.9148555720884,503.24700815092297
243,480.083277886401,528.1909086829422
244,519.9641977919787,344.1210296038237
245,517.8396136091661,310.93885898879734
246,446.27423505086057,509.20800885176527
247,475.6712913846263,470.8962476564665
248,480.08918242116425,544.4240108302959
249,508.94649246186924,306.2290350352356
250,440.99441828496,476.34198750512314
251,541.5186980874946,320.4455145844128
252,491.982872750483,468.95725568827277
253,544.2078292292246,330.6156440729612
254,540.9529092508038,512.6932865028374
255,445.6692723167037,462.0406946101182
256,453.89813887182805,437.04381211627083
257,567.2489811842277,328.94707284332884
258,450.1895903699094,528.5121028421421
259,475.03017884552906,540.7832188813829
260,512.3037161798377,465.171559499221
261,535.5009765091588,336.1325734169527
262,496.5065746520006,493.97022893773527
263,516.4725170373986,498.89236707035803
264,513.3392045126838,280.3549820080712
265,467.0741560660916,485.74011765881505
266,501.2641315680961,496.6486324507283
267,510.9294528202883,319.6957183696582
268,504.5012207426576,313.48209735374144
269,468.21310531999234,517.0548065918402
270,511.30253115150947,478.9090486217709
271,559.635699829425,335.7453586421535
272,512.1823933471761,305.3627634722183
273,502.4812271926336,517.1405576075813
274,524.2876212681498,493.68516081982983
275,457.68799618968285,515.5070423148219
276,492.13912014923625,495.42687962377397
277,495.4390457834095,449.3573107437453
278,513.7146705193306,325.6249499715387
279,512.8344692583968,349.14486780730897
280,496.7748890328199,511.3798513451718
281,468.8851851106026,555.518191201282
282,450.6870957228447,507.22775125378615
283,487.23895368884615,527.4303846381142
284,460.0522604506396,538.673579255598
285,485.3420548345189,552.5403821103318
286,497.9700216564631,492.6031012817802
287,464.4979506383767,532.8873457313133
288,517.4746632376355,314.0174021190131
289,550.8279423410764,312.74911167952587
290,499.0778999689669,479.61520940573985
291,460.0016389989919,556.0173871961213
292,435.21028365070026,493.85501181404055
293,493.0788023079015,544.1842163038261
294,465.7352047100133,506.47170860062084
295,517.5573866553405,439.28609439865335
296,454.24088358934097,490.03786626161116
297,514.6639305565634,307.6463722353146
298,455.5835252768154,559.7191990744174
299,428.73220473295396,571.1462973137825
300,524.4125685381741,532.0950151569274
301,547.2861837654975,331.9382162793661
302,564.0826329542205,308.2530541047921
303,522.3285578337583,528.5995835342699
304,523.1767165110537,286.13228863664807
305,527.2193250971206,278.29771564448237
306,533.2252766544691,325.49739901640373
307,501.66961555709327,533.1914400258772
308,537.3554133549372,523.9199354648546
309,480.6796512216551,553.8529678206237
310,570.7475011158832,322.1952029081368
311,487.81600863737043,469.27604575522497
312,457.13372797308944,508.44099555132243
313,468.76692048376174,492.88883191059944
314,521.8599626797759,507.26003186394735
315,499.84346692911095,568.6956740818259
316,462.9789415000728,591.5144727705948
317,504.63103061444406,361.45593799665164
318,550.6166016857717,356.4153311764472
319,494.9659189548711,496.7088029697283
320,454.8383082283463,482.51801334180084
321,495.7824518712263,488.3052008597376
322,491.83481711441226,490.46090718810314
323,431.74485816021775,507.29662740875517
324,531.0582964295593,317.8520567213412
325,495.8927805095757,373.14663505124514
326,438.62411126896154,466.7063859903647
327,534.7042943425457,283.82122074419163
328,432.6548863388366,519.3169668321934
329,492.8541794098814,507.7919649306115
330,447.51019303996424,561.4253329900778
331,507.91835030718266,418.14714186978983
332,555.4761104006914,299.606890221796
333,479.1842513902444,486.69311503143024
334,552.4864128902319,314.65145234304373
335,463.86873988574786,483.5401127126594
336,509.68752269453773,374.95761370091367
337,450.35568562134364,505.14976272164307
338,425.6119513627467,472.0535930785698
339,537.3599585720552,531.0880219717346
340,426.6738591036342,534.8290355534292
341,488.2447925807239,525.073576941628
342,532.6390789771011,524.1932351749908
343,497.1207181211812,330.2414588836026
344,475.06604495595104,505.16086779102824
345,541.1085572226984,491.3210223936264
346,462.7983043095161,501.91683729173036
347,535.728494673511,314.5680485282664
348,436.46791870352337,565.3490524653604
349,436.99774832026515,528.5753259918156
350,477.73531204301133,498.9897278336087
351,534.2489596344271,273.50610679687844
352,440.90056737519956,548.0226662358172
353,499.06630710283395,544.7751652203755
354,488.90096312084773,465.91428365423855
355,549.904832650896,346.5357475712134
356,425.4552057689389,482.3641715308736
357,432.388347044643,572.2926191941165
358,507.44097591256656,310.3793466677284
359,545.0097398397269,323.59856819291616
360,534.4612948917488,291.05213307342063
361,517.2172110187629,495.2223221936712
362,544.1269192204934,290.314314606794
363,508.4440578184176,345.3947315142521
364,489.33163202126264,337.11907230580766
365,557.2518786265854,499.2547665906719
366,487.66988122774296,513.517799495593
367,534.633730318731,334.22603410783546
368,521.8103908841193,550.8273411266192
369,516.5874071908872,510.89955886077735
370,457.6055157604361,518.0808646432612
371,454.96957048197555,523.8259888926883
372,479.6344408439932,482.7949307953378
373,538.767720779555,505.40632042356214
374,543.3900166119829,505.46387577942033
375,452.81111264194743,576.0418800711811
376,530.1535444554614,312.4103614460113
377,547.6139198759564,308.64592974841105
378,491.7968982285202,505.2789592947946
379,498.85326773612934,531.4284908973314
380,502.8886755561466,333.4351164362081
381,544.875429725451,514.6677556230677
382,487.44391919641856,482.4174607029764
383,543.3986483836486,346.7717451732749
384,520.2169114017488,553.6312611721471
385,444.95103512041976,534.19689633681
386,515.9919884157647,529.8370212069029
387,520.7616144176379,329.93882277297604
388,417.0544180311938,504.0887995429227
389,531.0642021223931,283.96531477854614
390,504.09267855664075,510.0299109666661
391,506.0211864493711,324.2825281035753
392,533.152151752491,513.6015057048689
393,467.27505134077865,529.7828724198697
394,477.8945457667616,515.4234660890022
395,456.33775199639854,502.77076756218526
396,527.9596794212014,536.0388896652747
397,495.12379218915135,382.53369767815974
398,511.24913376232576,545.0562343099059
399,523.5451681671801,316.7794593866137
400,457.6568110013876,601.9657017361286
401,499.01170832414124,318.28656576466784
402,508.2807200822343,489.54814899357837
403,517.6098627819591,339.1051552227075
404,538.9227008315299,306.5071156679744
405,508.8585370102548,511.0676304559026
406,533.3738755393372,304.6114293534669
407,449.3933694187275,487.994902399364
408,529.0402218135075,338.16320706399813
409,510.0701274306913,508.25882091489495
410,499.009687902205,519.8810550357774
411,505.34980354217726,469.72965111311964
412,518.1119907963872,526.0387192044805
413,503.62742752269503,416.6389605661888
414,541.3057093256102,295.6922496949049
415,446.50999482502345,538.8508834151021
416,496.7361984281111,561.6361401716038
417,446.4129315504321,482.9314789254841
418,552.753625781332,510.72550367050485
419,481.8464780478441,340.82179021944154
420,549.4440860382209,490.2660036878443
421,478.7547969070566,551.1409817435681
422,538.4707838684761,316.02998112212094
423,491.3905418337203,528.1973411669699
424,477.00528634756546,554.5283208499126
425,513.664781213605,506.51272350701544
426,447.59501279784143,534.9085788813527
427,432.6253973252207,487.35955524691144
428,423.50361350062803,574.6081560123764
429,442.9186384438284,524.9388455394457
430,521.2792891717093,350.1555321570501
431,497.4098079856093,514.4528168320751
432,549.6560204414538,335.48039283971735
433,483.73101352213126,357.88751437920996
434,470.12868961603465,480.7738999401125
435,433.4749643233676,513.7730486186742
436,555.1112561327186,324.528851118633
437,499.5107894963263,375.57950942588656
438,532.0496308046854,488.4915375738601
439,511.0605247005871,303.93825296445425
440,463.4385076923403,510.840090440238
441,523.0135043193904,547.697763491308
442,519.62448693161,320.7706251525848
443,549.3011257657055,359.60230792503796
444,473.1796158349579,514.1504935657169
445,502.5766354577197,320.51648961001354
446,505.44861808447064,303.16241146691704
447,443.5361593245572,535.9314298549114
448,510.0889108224028,540.8211844231065
449,529.7264204193057,522.9902087397264
450,505.3426136761759,347.4966059537144
451,483.8810962841213,444.3087055098782
452,523.0528272634016,462.1157437683219
453,544.306104148228,320.22874845467476
454,432.2180228975461,544.8613403483131
455,511.4816201858756,342.4523323252415
456,513.313192981531,488.90809543300855
457,533.2062431842955,508.8839028622143
458,475.6404857788188,492.884060886404
459,480.5311342700945,472.29169477419157
460,426.81695585829516,574.9374137550353
461,502.302023292041,307.85104206639267
462,457.13795717958914,527.5232326959747
463,480.9156412940315,583.1648075684641
464,475.01545012871566,514.2640468592147
465,505.5651988376368,322.20496013087825
466,451.2668061520091,536.1368927077698
467,497.3691210093998,567.743422081672
468,457.360258386608,464.7785113673589
469,442.8881190004199,561.7728192738726
470,483.17621781962663,486.249970619654
471,514.9080241446347,313.78569468932557
472,467.86666064689894,514.2628188721452
473,501.71301164831806,512.9440768977872
474,477.5531822768676,444.35090094351744
475,455.46520283404084,444.281808768024
476,489.5378929068341,551.5029494236002
477,438.52431807786434,544.1131460751521
478,462.3447574866627,539.4029710948313
479,499.9967062709804,498.468123439903
480,507.66272534035494,455.0814696345169
481,538.6530639292221,344.94971540801015
482,544.4259021474761,496.5835627839549
483,465.9498895921209,517.3683605599794
484,539.6185560439944,282.8197248269973
485,510.831311061269,390.9748183281591
486,477.5539327520335,507.2215506814738
487,557.5210649940033,312.607157404724
488,490.4356179066353,576.8233687874922
489,473.3352054902221,503.38559710544763
490,469.6675827910347,500.0413724750347
491,557.218729181433,523.4124397597517
492,538.8895295062434,312.3504979390153
493,541.1116133513387,525.5056134373981
494,507.54559670445997,520.4684507410764
495,513.647863584267,495.9463014867249
496,489.21755215550445,273.0742001346153
497,482.6366093755301,305.1076534876663
498,519.4223763075715,317.94100175825685
499,418.8333063605556,477.10606006741625
500,462.79115134285877,555.6784737964257
501,441.0079728975456,512.9909660078999
502,489.4095626880386,448.9769061122072
503,508.2871363789076,526.8953105863395
504,465.8218519821274,480.3508825625788
505,498.0253008461361,495.94294042988935
506,515.9719149360104,294.22493542129257
507,514.8466254315252,302.40516039864883
508,455.5755647177862,453.77223510718596
509,515.3726352175,550.9830461648193
510,508.25141658440305,395.020592210777
511,511.0727536608124,516.9799971425034
512,493.9052573857893,306.85057552927424
513,455.35101664204626,492.95784683102784
514,486.5514159769935,307.48789658225064
515,515.6028967476158,319.7300639923624
516,418.97063970573254,496.05976181940565
517,532.3527801324351,563.6210217206748
518,457.5373607115807,522.9295692965127
519,446.2778110468545,531.0323824994585
520,544.9475990253119,307.5176333563205
521,457.3669729792272,477.51463465408443
522,469.6014867869205,535.896190359811
523,508.35647714619955,322.2717919809577
524,482.77596104549247,553.3767211668765
525,526.0433925411963,412.3144254838816
526,478.9272144870446,466.22079789255133
527,525.1695757430268,337.6794049060516
528,551.7355871892092,320.6519888580181
529,491.68783042831194,501.91138909508385
530,531.5085479660564,329.55963373928824
531,460.644603193192,472.08855280322797
532,520.8801821589549,518.1283369995349
533,461.122576266255,496.56707262092345
534,480.86909442092855,476.8482845720981
535,458.9574819362061,493.9892479071283
536,558.2655706473474,534.3326193600694
537,526.661143265065,321.6822267371247
538,514.2888392836993,428.4936034771944
539,536.8111501423372,365.16581761627435
540,423.5410424609667,497.1383677998801
541,442.71097398272724,573.7995831329838
542,472.9072040654664,496.2577935265947
543,527.1120283660791,489.77464962995344
544,526.1565624684289,293.7428762593601
545,571.8684540362758,329.26927780998153
546,496.38845631179026,532.0113105409832
547,471.89652584348124,511.78864856806126
548,461.9293920537036,465.7302021497213
549,482.35326697962495,565.1190902474242
550,538.8452549449751,297.0335969621215
551,443.87866915761896,468.7744370363787
552,472.68652799403776,493.38047038622466
553,515.4195050621523,548.7560653851086
554,500.5083848163327,460.57872789509304
555,506.51178279194596,576.5755510781388
556,493.06247293039985,483.40283450787126
557,496.48402833113863,508.5582355765882
558,515.6296546940131,331.38086789327275
559,503.93555369553945,331.71224617483523
560,503.01585963869564,370.78678577420044
561,464.2282042417974,436.46710493038483
562,441.2121267888544,492.4179301266699
563,476.48773877311567,533.7259395367566
564,518.4678617237838,505.04098800148904
565,485.63276031899653,330.1958438132591
566,485.5229794822432,537.2885173653532
567,475.33923023001813,522.5870325918656
568,452.52196938781776,458.3962303249512
569,432.60857647516616,558.7318868391877
570,460.55256370266653,551.944400607693
571,444.2451010571717,547.9495273494574
572,444.3734165143114,520.1158987231319
573,546.0536082890201,344.90125657692425
574,500.3391124097074,357.02413069893015
575,512.8364077452137,481.05951119970575
576,490.37220755141595,524.3877571098338
577,468.9492224557092,511.4563199767252
578,498.06625803380257,294.1830437807989
579,464.55821466711205,464.6870330039863
580,528.0739269888347,479.86777548022565
581,493.1434148199476,499.96348181335384
582,536.9948834842874,320.65424743171684
583,436.7566299469655,499.6225697075088
584,474.8049901947546,456.33578454650984
585,541.8926552352049,361.64009775689686
586,482.271248725065,548.1915994302532
587,504.92936919879827,492.5948850239116
588,526.5453758609099,532.5280149749319
589,489.12514921716866,487.8041732806924
590,539.8817321683869,330.73382421950873
591,539.1304721305711,528.1333692334974
592,501.3399459439794,286.18663880991744
593,503.3298315406572,478.99115368114354
594,470.9275346594825,503.20018682453997
595,426.86196869351295,465.75908822129736
596,530.7242188224427,279.70484427209453
597,543.7028768222552,325.38623159781275
598,424.2967636518947,571.2649833186288
599,465.02520336382906,414.9188230283802
600,429.4391791047052,545.5836905538092
601,557.4273034753197,491.83415321716484
602,518.7267303395446,349.3415831102835
603,439.15666587363546,486.94682875403373
604,480.16233682004565,291.6639525291844
605,527.511258017393,392.326327416283
606,553.0968032550082,339.0869198600749
607,532.7865118724028,555.5536148865851
608,538.354645782471,339.59728341098344
609,503.2031235224563,581.9311878556041
610,485.2150539898938,570.0074899564175
611,530.0887026635522,354.09752970295904
612,493.1034060625389,550.8038641982744
613,506.4073847049496,399.6487363652897
614,514.1800807512866,369.02001171230484
615,489.83478109326995,511.0247716929682
616,473.60591216538614,535.7411289968104
617,479.53029128648524,515.604413155601
618,459.5158096582648,491.21720467545595
619,497.78382963559,350.3995414096074
620,427.5067466787593,491.6705610022302
621,512.6275336286382,526.257176506621
622,495.2484561432964,538.6804785886643
623,540.0311929739979,357.73124001572404
624,505.1933623697183,316.5322850397502
625,487.40628464847134,547.8051782783567
626,501.69669508541205,490.01431383554086
627,507.36561456637037,551.5356525336601
628,423.9247051500758,566.3941611473174
629,474.1092766308834,377.9025541721027
630,426.6402567787668,539.8259755028411
631,460.83691024558874,505.84900518681087
632,539.5102249956519,545.0002119812584
633,508.97162400766223,281.9891100734463
634,490.42656132707634,508.6852777909301
635,452.34597129818513,446.54134884034625
636,493.70735700735645,430.96568538517414
637,491.51316843798594,537.5126461387138
638,534.6649499038256,302.47834977008205
639,481.772292462183,501.77231280448996
640,486.52400596180945,440.6932974824464
641,470.6006041076691,453.49822957050117
642,461.7436568534059,563.6582362600169
643,457.7463920184335,510.8268717826373
644,501.4014550675702,482.85671218124446
645,481.79638166211515,493.3677632123812
646,487.4125660429398,522.7566572444558
647,555.5469158044021,315.1401066247298
648,418.38590094134054,586.7455814883986
649,506.9487871678148,548.5784641180122
650,521.8263944084948,363.13309619767114
651,481.9617346052892,515.1056841505329
652,424.2705404021289,514.2501723718947
653,473.9148746776814,482.94063581497727
654,511.93496034478505,499.82833705534534
655,426.38242303469923,527.510746296614
656,513.6290039813255,288.2825938502483
657,513.4573508220341,337.75655838301975
658,447.1228977175049,521.7619999783559
659,486.57416068087934,573.8529662135625
660,477.6007850090286,543.0715095399139
661,507.50231284551995,494.28353257856105
662,446.174164961466,511.7100942719616
663,432.22158754440295,577.9720367405547
664,501.3442753251976,403.57349949672835
665,514.2562040049033,374.5332785178694
666,545.1913245801541,511.86884029052624
667,451.6575040550189,501.7907597476798
668,421.86875742440736,564.5924104928288
669,484.616339720803,280.43750114151516
670,520.2618646050491,502.46099557289864
671,536.9222211955567,331.42851025361824
672,462.416151505275,455.9248626616506
673,510.08349710467274,549.6377528729271
674,496.0753588630654,423.8687067768634
675,504.81168221352914,297.37475147002016
676,464.75085624155076,488.77297444550675
677,470.07747897693025,461.66701473784997
678,483.8201390077919,532.0290274273735
679,496.75837202113144,542.5634613594524
680,483.3881179569652,527.8218345663764
681,560.030582111275,329.00534880494996
682,545.4100864641184,540.488490619778
683,495.33584156736924,349.0298295677389
684,499.6333637474382,524.1564285967485
685,512.012316636345,579.5612691531521
686,538.6545382651333,318.7353850037562
687,510.70587751781227,555.6411819282816
688,460.4018111844625,479.1123953707868
689,505.0831215698566,568.8229347268966
690,460.75021173318487,589.8198418018815
691,549.7854134958123,317.5371397832975
692,442.9082241050445,498.73587663519874
693,507.20527457584876,371.1423461056354
694,525.4130103690637,545.8120502473517
695,477.7451907909525,289.44430505117776
696,456.87180502267483,586.0829135124399
697,495.9324067757196,527.0366212035492
698,501.4192308310303,479.882666754413
699,453.0326594337286,529.1239169561505
700,494.1776837395405,502.49334116683883
701,529.0119601261454,495.65038102721263
702,564.5282313978516,502.7205450986215
703,493.98716164539246,471.99364062536733
704,446.1167258494982,569.169574596727
705,499.17133368967575,366.32612135242744
706,487.98008153862105,532.5270493720869
707,444.12623816877186,538.3770305842202
708,425.58470603298053,561.0892784749723
709,532.3610261699279,529.3819195090931
710,534.4002912563102,516.3279618234944
711,446.4549036102623,528.2124819305061
712,495.6126569332596,546.6078366342447
713,462.9686361171794,454.25582756864395
714,528.8221260894006,555.2701300285725
715,505.37284463280633,525.4697622953672
716,500.11738531049866,534.8082824671563
717,499.4597423501415,434.7342087791039
718,433.17857764942937,479.6543231934966
719,487.28029991025994,499.28949515078136
720,518.7924991631994,538.0998361843583
721,532.2846652231319,312.2548630992904
722,485.34400507259306,498.4457997623895
723,511.3631169144099,575.4410796733785
724,447.6565749796333,549.3882950110577
725,487.49906587614487,492.22576564035535
726,507.8602305454322,327.0472418182547
727,503.6481506978232,328.4788800619294
728,476.41098598648347,526.6618882467999
729,466.7591214510328,474.14550740033957
730,492.0124975139496,382.30507103515214
731,533.297379685761,521.2931516499706
732,495.98255910293955,289.72681330908273
733,507.79971256107785,459.3514061927376
734,454.18409727821086,504.74049088544416
735,555.9936592197531,529.444992679724
736,510.66301804325326,534.3320501292443
737,506.7319870337352,434.12512907643344
738,513.5569265884583,503.36377433363253
739,479.75053292444323,277.9661551520036
740,474.7267260435112,550.9052677100054
741,504.7785199501339,395.4908132089194
742,454.77228811267776,550.869752612207
743,456.7238500697976,569.7888050626824
744,477.291049681594,523.5818683554968
745,494.37555210559526,565.7665522142089
746,542.5548201884827,308.2358817947462
747,523.2599213733544,501.831946251401
748,455.0054144207854,501.18135509369927
749,487.30488350443665,318.1705957283808
750,481.295368339262,469.1535694830529
751,428.909430237687,499.9145332822828
752,525.6565922494409,319.01293977438473
753,440.98124901085185,514.9071345810107
754,465.0191870210274,527.0060420423478
755,513.8702956588847,531.0386771556776
756,471.34026915188775,548.4289600543818
757,477.63500573861984,510.70434128425586
758,468.18785193271697,507.34706344595907
759,513.8590020728155,521.5760705965473
760,561.9047661644355,501.86202567748444
761,523.5036272671117,291.7300848144006
762,561.950414303168,324.65912478789835
763,549.199212641917,518.7459449776495
764,548.4368472238028,310.8535483980962
765,428.48622691273846,577.8382979962962
766,535.2005451490231,351.61411592193366
767,493.63080181161695,327.25398149485096
768,530.9690852800236,514.3271127074576
769,495.31928707899533,312.21334319056405
770,544.1814837942904,341.45074585549617
771,483.6035873616296,465.9146359733244
772,570.4344613299646,501.5748997937655
773,471.4860126140976,522.9252671877758
774,480.02317033987873,500.07482359388416
775,470.52953643790244,546.0615275750704
776,511.32230142864483,454.57035719926523
777,469.3657424586893,583.5753717381392
778,454.59537705038497,475.83783067530635
779,528.4101499815466,286.1380746846691
780,515.9379585334486,522.3374137924371
781,492.0737922140055,533.0984742043921
782,491.1856651796934,573.2535041770764
783,490.6269641155856,472.47674444832154
784,532.2828532666657,538.9810693413801
785,521.4576442062213,512.179237494474
786,520.6618102830079,532.0524312247566
787,460.43144808713885,535.833993425532
788,530.122194962488,502.50352697879185
789,437.8671515006621,462.31006424657
790,497.04784108564866,500.2296724943324
791,464.87396804353756,498.31233940965154
792,458.59926952016474,525.2693144107766
793,455.00510554145797,535.7980744904356
794,544.0538808710655,334.17146888752
795,473.83696391398456,469.2661289145335
796,454.7244309826427,507.0539883445012
797,448.85937305104403,554.3902457005795
798,535.3311417863298,305.9765664986752
799,532.3197875312503,546.9239282620543
800,488.43172829564605,501.5274790334815
801,520.9379099077948,489.89873318592083
802,499.806590762054,527.1402244125102
803,490.59981190791325,546.4071621609295
804,518.779145353966,283.56894543389586
805,507.1139134691912,286.6686165404577
806,517.0675496866314,468.7386721499947
807,452.3921834823794,520.3086167490706
808,540.9300826101755,337.81674062603355
809,533.6608826072002,276.99822815037226
810,474.59853762439604,570.484686948739
811,454.5091519667259,513.4897657607555
812,514.9251800919512,538.79481989107
813,553.173957053833,514.2030886566314
814,519.5199473792445,548.2510732751559
815,433.26722938300236,470.7780761157561
816,447.63865591458546,497.4349397347461
817,504.6793793331201,561.7531279371119
818,463.23674570666066,496.57357992802
819,536.602890540555,328.0611906063858
820,525.6283881014205,521.0020143752577
821,447.0997320609381,516.9015260266764
822,464.87988997294053,493.1311620979201
823,500.1429177519879,542.4081351323858
824,505.90989197010936,358.3371881608269
825,467.8308987007316,483.032384508106
826,511.61771269717104,331.9157201392755
827,488.6630826911908,538.7787008621245
828,546.9330838042531,316.0833788055277
829,486.11765518896084,456.157863256739
830,485.4825167171517,448.49584483103763
831,422.1320648486233,589.4463856278967
832,543.5243321916907,523.8515134313636
833,572.5090800745245,325.9661886551587
834,504.3524187830275,516.4015831993704
835,470.91324624585525,526.4815099754624
836,481.2123294293849,561.2424758616733
837,509.3851819144423,296.2413297597657
838,502.12505686513475,339.4433502550754
839,529.6426758379378,324.933885865983
840,511.584213308481,364.2431510989197
841,496.7118938471886,504.342938741557
842,503.14485700145514,550.5163630327479
843,528.2088619618644,511.50015065801944
844,473.1623060039827,463.4999910456489
845,463.7498023361821,547.2025796504339
846,535.9482565259341,324.6973713395767
847,506.88356491001156,543.2220655827997
848,481.9277344040704,535.5152540850174
849,527.1144660257751,548.9664852732028
850,508.07716128726,298.0617453598037
851,455.1668726800444,467.4228761392051
852,466.0608057260997,539.8785987547192
853,488.61957700852423,322.3091734958277
854,512.5098666471223,559.8061761221294
855,502.2873556908967,536.5062791834537
856,537.6069846408014,556.5994085037952
857,473.7833993990047,544.0079880243388
858,568.5709028728263,320.1553422695454
859,500.8625549108575,469.4374273678506
860,517.5782889152956,368.6342832433715
861,475.03309354344754,530.8308998116172
862,522.8852492669512,306.40116127687776
863,477.409021568598,539.4064445613275
864,521.1258537002564,303.68452651186254
865,484.80308044417893,520.2332281369396
866,462.19401837685484,437.43462963448985
867,478.1660735531352,560.371096908243
