0,880.08034,250.39604
1,933.23442,-17.88145
2,871.83855,132.56523
3,543.74131,69.51713
4,719.4154,198.84678
5,760.76701,4.81465
6,816.15853,259.17089
7,755.09542,108.87721
8,658.06501,197.17737
9,498.94658,21.05449
10,761.75025,156.60883
11,845.21717,-48.98415
12,892.29606,-52.85819
13,678.31028,96.77052
14,861.69424,-67.06055
15,755.67959,223.2747
16,867.11158,-103.31524
17,980.86723,217.98515
18,797.86696,170.6581
19,749.63049,240.96102
20,725.65463,227.90741
21,683.56503,124.7936
22,775.51176,136.33084
23,891.08187,238.33303
24,661.30011,310.85047
25,703.90579,160.05702
26,1010.83026,181.11165
27,749.24584,-90.99594
28,821.85225,63.17122
29,588.87409,139.68872
30,873.43327,-132.67892
31,877.6672,142.69356
32,967.30673,92.33292
33,751.20505,114.85531
34,891.11224,-106.68161
35,774.61078,229.43005
36,780.69514,229.28341
37,778.44999,167.82547
38,494.48607,44.70879
39,822.69033,165.85744
40,834.12419,-14.7061
41,706.48803,249.19952
42,832.81394,179.70777
43,701.75787,153.69277
44,871.69035,-97.46062
45,754.58886,209.91065
46,761.88945,220.8858
47,730.836,171.24045
48,760.10916,254.48905
49,848.0311,-26.12283
50,741.00684,227.22794
51,608.09155,-6.57918
52,716.96241,178.32668
53,742.88681,186.48112
54,745.5851,256.95619
55,928.50942,6.19049
56,668.63973,104.17712
57,919.70301,229.7593
58,966.702,189.20284
59,792.61356,-71.65353
60,725.57327,234.51607
61,559.03689,89.6605
62,842.82878,156.14581
63,499.79587,-22.3651
64,683.66189,195.08276
65,894.73321,214.03951
66,715.71477,185.93049
67,810.47682,167.52268
68,754.42774,275.10679
69,808.34045,198.86581
70,948.84686,46.60763
71,682.68146,70.76653
72,884.0242,-85.78416
73,775.47065,214.73403
74,837.73501,234.82905
75,858.33689,-81.71507
76,662.44184,187.15079
77,810.29208,157.27507
78,563.80457,112.4611
79,809.51507,230.2394
80,849.41031,-76.00272
81,786.17513,243.11592
82,848.11277,51.94315
83,792.35265,213.84224
84,693.22947,229.1117
85,768.2481,237.99493
86,783.16949,-68.55283
87,776.61597,197.18387
88,893.42551,185.41563
89,825.20558,243.5996
90,870.94187,269.96479
91,872.94342,232.73158
92,505.72504,28.66149
93,842.59703,198.48746
94,908.67045,-92.06845
95,697.93195,-11.34525
96,794.57346,176.13808
97,878.58026,159.32548
98,683.38095,635.93565
99,705.96169,115.58864
100,824.02757,254.09086
101,971.78172,173.40599
102,660.23905,256.977
103,850.2592,-35.84789
104,705.61741,136.99067
105,734.84306,190.73326
106,777.30214,190.13193
107,774.65622,154.24985
108,691.24895,124.05339
109,728.51863,193.31163
110,693.25269,157.60167
111,732.71004,242.15555
112,774.20895,259.06265
113,490.4425,42.99829
114,784.06619,163.53596
115,730.33004,89.50567
116,859.50316,125.84277
117,982.30189,215.491
118,729.33036,252.30015
119,712.26938,240.56918
120,780.68104,37.92666
121,956.18711,213.01197
122,692.76379,204.29447
123,749.85842,184.64642
124,761.3899,215.15419
125,805.74707,186.74298
126,800.63675,25.85005
127,744.69941,260.77324
128,762.38135,53.04257
129,853.0834,-68.86997
130,774.76195,162.61071
131,817.19284,194.92982
132,889.80185,-96.22002
133,845.57778,180.80119
134,829.53796,-27.73326
135,709.58106,208.75823
136,774.57913,132.0129
137,712.18366,197.48918
138,801.56183,170.29968
139,734.64903,114.32545
140,807.23869,223.91751
141,715.30289,132.23619
142,675.53736,207.66928
143,772.50928,235.16447
144,833.92157,168.7639
145,886.15383,236.15601
146,686.35034,205.91406
147,960.58702,197.62023
148,767.4755,80.16111
149,821.01457,-20.61469
150,718.96232,169.00101
151,844.24927,-58.90946
152,748.3688,192.16908
153,728.18554,281.54116
154,924.49203,210.06425
155,718.82323,128.62978
156,824.99988,162.18258
157,830.99406,171.88272
158,724.87175,98.33178
159,709.85105,156.94668
160,945.75777,-49.44057
161,617.79457,205.20057
162,851.95333,165.04176
163,735.43755,109.6475
164,881.63831,-100.00321
165,700.33509,215.35105
166,749.32994,148.97874
167,708.90016,145.22337
168,716.23833,240.87365
169,460.44184,-15.18286
170,500.74533,17.57044
171,894.38019,217.92763
172,880.25188,-88.67
173,976.47077,15.41933
174,879.26968,64.28735
175,702.73954,-5.59297
176,585.16825,43.55916
177,740.0824,145.21687
178,813.21427,146.11003
179,750.43131,196.49995
180,891.70012,108.40268
181,623.77902,152.46547
182,669.68096,175.76426
183,895.47181,-104.27479
184,997.62551,221.47526
185,759.14406,197.97405
186,674.50341,103.57291
187,892.12454,-39.65917
188,817.08802,42.471
189,845.13558,205.79233
190,871.16569,147.54631
191,949.34824,-40.14913
192,869.11887,-62.62697
193,964.6595,193.95144
194,727.98725,127.47918
195,1028.50313,179.50323
196,526.14953,67.54555
197,699.34931,221.57565
198,837.75587,149.05125
199,872.66195,257.49164
200,808.36052,212.438
201,600.53516,176.36396
202,843.7919,-111.6897
203,666.61835,100.26001
204,898.59301,-115.94708
205,783.61436,114.84897
206,709.1882,203.89589
207,744.49056,73.91926
208,857.36935,-79.63862
209,733.23063,177.18674
210,645.11477,191.57678
211,733.22456,87.06895
212,827.38154,191.48244
213,699.70916,159.15104
214,655.87876,261.54408
215,801.10662,217.54401
216,894.83696,44.12815
217,598.37499,163.66359
218,784.16061,156.54264
219,707.01321,123.39743
220,762.57291,180.20797
221,696.712,221.779
222,890.36181,-138.20672
223,718.54517,202.44871
224,790.62363,240.96671
225,735.48635,233.55444
226,867.08844,-82.32833
227,897.79802,-110.93362
228,737.94692,236.11844
229,790.46396,55.23965
230,652.05473,92.26334
231,762.24388,196.64752
232,810.45353,19.3357
233,809.1921,-86.69994
234,981.86429,222.77699
235,732.72332,224.12271
236,894.76581,252.46254
237,725.06197,241.64006
238,705.58566,245.77294
239,693.92066,-4.77215
240,745.71524,226.39211
241,742.21202,199.7421
242,809.32707,221.84794
243,875.82014,124.00753
244,727.40841,195.20992
245,589.21268,131.45417
246,765.35771,191.17692
247,708.6583,162.57146
248,657.4774,149.14636
249,483.19619,23.34269
250,752.20213,231.41801
251,770.42401,205.00888
252,665.13352,221.51939
253,613.6185,126.90163
254,694.70878,88.58798
255,758.42043,222.319
256,691.38137,161.6092
257,937.37104,169.76067
258,866.00377,-75.919
259,765.69564,229.63232
260,734.07185,239.31215
261,741.28039,92.35941
262,744.07082,197.9846
263,705.34976,107.15129
264,572.01218,42.81881
265,775.01091,201.98413
266,591.03354,146.90306
267,991.56609,235.0314
268,598.70212,153.57072
269,805.9342,251.78518
270,983.35959,218.50364
271,823.64465,113.13476
272,917.71764,-91.21947
273,672.26556,209.68181
274,809.08868,99.62081
275,972.21007,65.49732
276,607.61689,153.71147
277,710.4743,130.41231
278,910.83057,-57.15483
279,787.1553,35.55486
280,786.55889,194.82565
281,855.73404,209.01622
282,717.58857,273.00251
283,860.36028,-51.80098
284,981.32862,229.20041
285,757.8345,239.1801
286,679.32727,254.13232
287,738.20785,174.08638
288,713.56735,151.47272
289,482.85503,27.41232
290,509.9286,1.07919
291,816.33248,201.13453
292,968.99775,176.01251
293,681.87245,104.40757
294,878.29221,279.81206
295,800.23489,188.06284
296,790.01351,213.62917
297,819.76574,128.64257
298,701.2685,127.48455
299,791.61533,180.77632
300,715.83591,214.8691
301,778.64373,128.24579
302,786.71776,160.54902
303,660.91105,259.48961
304,786.23309,191.10808
305,826.08207,172.23724
306,890.73689,-114.90548
307,822.55471,-88.43046
308,778.24565,148.17492
309,839.73612,260.7749
310,485.05458,32.8696
311,827.65223,243.81795
312,840.43214,146.97963
313,459.41327,-0.45291
314,818.14478,218.35637
315,764.15898,129.27282
316,797.28894,248.0233
317,774.63486,165.46561
318,656.63321,71.05228
319,926.17643,196.6304
320,851.15894,222.90272
321,794.27687,167.95736
322,871.30998,222.57178
323,738.55996,216.17962
324,761.2644,231.85834
325,743.60456,169.40447
326,673.13748,196.36885
327,796.05714,209.20332
328,783.06456,-82.45661
329,739.50561,159.87913
330,876.7372,237.63037
331,907.14581,234.34177
332,708.0467,141.00898
333,631.77085,30.53284
334,806.39001,108.78699
335,586.11187,98.14784
336,847.13648,-71.20944
337,934.65972,-73.25901
338,475.14689,-28.08164
339,728.18415,198.18088
340,866.40505,-52.95268
341,497.86417,40.43613
342,708.48358,227.09913
343,799.76731,249.36784
344,871.98513,-102.9374
345,868.41453,-67.03244
346,514.01965,71.95536
347,717.47602,216.29411
348,765.4357,205.59826
349,799.82527,253.84204
350,586.64109,117.85428
351,728.59375,222.96175
352,925.561,16.29351
353,729.25038,151.67282
354,1030.19982,242.50717
355,938.81645,-15.64095
356,660.23195,147.39752
357,794.14719,174.18434
358,751.704,72.25104
359,861.22343,-89.88508
360,781.82499,22.64179
361,744.94007,171.9412
362,527.44211,61.40161
363,866.5822,261.55841
364,913.36953,-36.3498
365,778.27097,94.78794
366,722.90559,236.38798
367,972.77206,80.53988
368,791.4107,283.30436
369,492.45342,32.45243
370,713.88587,209.31686
371,662.28012,232.79858
372,681.73818,210.36923
373,735.73732,163.33105
374,788.65105,235.4763
375,722.17179,186.37355
376,905.55104,256.21895
377,790.27749,168.07348
378,732.00841,202.06156
379,578.66857,100.025
380,710.09812,218.78337
381,682.53832,189.24759
382,563.21158,153.26185
383,906.80918,-58.09999
384,584.38243,131.0912
385,647.04897,240.10843
386,644.21022,141.48547
387,881.90534,-67.62904
388,708.92185,210.51479
389,694.82647,120.81446
390,852.32528,7.67161
391,774.8728,63.20247
392,514.30796,59.49291
393,771.25817,196.70373
394,768.93655,257.32539
395,723.69769,218.81504
396,781.02089,-64.95322
397,910.98492,-58.57609
398,699.90519,114.6012
399,787.36335,259.98001
400,768.22598,214.08
401,671.27497,240.47373
402,905.62811,-128.82075
403,820.29856,44.82213
404,962.88708,185.33712
405,869.04623,278.00912
406,832.97132,-21.14545
407,552.0974,141.43589
408,799.49442,184.6114
409,629.63925,196.7418
410,501.49141,33.07173
411,487.50426,19.57623
412,724.19027,187.66939
413,695.37092,134.75683
414,765.25846,243.61948
415,523.90352,58.80565
416,645.81699,228.82679
417,929.274,211.82635
418,919.43097,234.79092
419,738.00777,277.48154
420,680.39689,207.8995
421,771.23972,228.03407
422,567.17735,114.69317
423,717.33646,213.87037
424,807.29876,100.79852
425,717.46104,187.91309
426,845.0891,223.18677
427,802.72458,111.51347
428,771.40553,191.99242
429,736.76707,229.73557
430,904.50022,190.68335
431,673.41715,79.8028
432,872.82524,144.41635
433,748.49612,239.67426
434,752.40373,240.72709
435,819.13191,-22.10597
436,577.11816,44.82193
437,693.8644,176.7882
438,674.06135,107.44
439,897.78197,-123.33428
440,817.01224,179.11571
441,868.53749,-88.52904
442,785.1414,204.60862
443,754.4876,32.06629
444,733.59461,201.23077
445,712.72797,165.07547
446,481.37208,-26.11142
447,727.36547,241.60521
448,815.28968,-14.32927
449,673.26349,261.29462
450,903.99897,-121.54935
451,686.46972,110.23682
452,740.12622,172.73133
453,853.36803,244.13355
454,732.87036,129.09155
455,701.66895,135.49809
456,739.32616,95.86819
457,811.19214,16.82925
458,950.22389,-65.14963
459,939.65292,-26.16472
460,786.67849,201.25986
461,879.56288,138.98935
462,674.34366,258.03016
463,781.98425,188.7937
464,757.19558,75.85197
465,778.81412,88.18591
466,705.9762,81.6896
467,893.76354,-114.07744
468,875.24916,68.96204
469,792.07162,264.24565
470,701.29555,144.38355
471,901.74996,-116.96963
472,794.14377,125.8718
473,879.54646,-94.62691
474,783.1192,55.36125
475,1042.63464,180.82572
476,785.13282,-26.98939
477,782.40689,160.97212
478,807.58648,211.34548
479,854.43087,-55.01487
480,771.49379,269.23728
481,642.94528,155.43916
482,849.41342,-110.15032
483,755.54518,239.90206
484,786.86573,152.86924
485,888.26006,-109.56178
486,918.07439,59.247
487,970.60178,178.15394
488,872.18119,268.76374
489,711.76258,190.4765
490,490.92813,30.21172
491,716.52599,202.29208
492,809.64135,-66.71834
493,876.01876,-70.80859
494,732.76689,169.70495
495,575.79671,129.11182
496,772.18434,149.99091
497,718.48095,209.06974
498,738.5952,227.24937
499,721.2557,185.435
500,752.54783,250.17053
501,713.6203,204.64563
502,742.52982,161.46044
503,631.38355,198.11294
504,487.25349,33.39907
505,789.10096,-68.99431
506,799.83103,-37.68848
507,711.0123,115.48333
508,755.56252,34.12067
509,766.26226,217.63041
510,869.0861,247.3976
511,921.97465,-31.48103
512,849.1203,169.34795
513,857.70846,-90.14172
514,1019.22353,236.14365
515,714.21143,219.75383
516,715.83494,218.3507
517,749.26753,219.67338
518,744.82451,125.19699
519,747.82609,259.02242
520,892.96869,124.49326
521,776.3715,146.87617
522,881.9573,240.03371
523,783.19727,130.3103
524,757.78941,90.18635
525,776.27687,220.55209
526,699.17541,155.72785
527,762.96669,150.70521
528,970.33691,205.15829
529,678.90367,610.40459
530,879.65082,-133.63986
531,895.64291,-41.24422
532,773.46567,20.08278
533,881.03407,-115.62421
534,724.13967,182.77325
535,811.06387,251.42795
536,481.82084,29.44057
537,903.209,-131.4527
538,757.327,202.61008
539,666.33499,78.98988
540,834.02516,163.9463
541,506.52732,65.46276
542,718.23357,175.85318
543,728.30298,226.88312
544,694.88206,198.25743
545,709.29147,-20.34954
546,760.94101,64.45942
547,749.26771,82.91927
548,793.70939,161.88304
549,713.92637,246.83472
550,769.25821,116.21507
551,916.12661,174.40177
552,788.13048,230.02262
553,904.53099,-123.45875
554,742.45947,-42.64703
555,724.96401,133.11115
556,804.02959,74.9135
557,886.32074,118.15376
558,734.22058,220.53525
559,951.16571,-40.88016
560,796.82572,-72.20666
561,813.43949,136.86583
562,746.63229,21.94725
563,578.56528,156.04037
564,769.48547,173.32049
565,706.55335,5.45276
566,946.56675,41.7705
567,919.34568,233.34917
568,807.73671,110.55147
569,867.84706,-57.44851
570,769.41913,118.41478
571,924.35808,-56.49175
572,747.4026,40.21624
573,754.74001,196.80315
574,843.43715,175.62343
575,663.99522,100.77196
576,627.67709,167.4335
577,902.06031,-85.01652
578,724.46696,247.84831
579,871.86358,-82.46333
580,692.73069,247.86119
581,913.95617,28.9137
582,794.1878,37.71227
583,731.09537,220.55448
584,752.82558,104.05045
585,787.4229,246.3224
586,770.75845,251.42256
587,902.96597,235.00918
588,876.58831,238.73408
589,891.46532,-97.07891
590,700.68654,209.43516
591,753.80748,-26.01681
592,859.44408,249.89212
593,508.90804,49.29183
594,893.5906,28.69804
595,780.88283,237.04763
596,718.45128,165.13348
597,678.54588,137.42717
598,824.98817,105.3285
599,753.20929,66.03138
600,826.6864,-71.33661
601,833.03675,188.5553
602,714.66179,278.95406
603,783.25786,233.80063
604,787.9298,188.05528
605,855.52478,-81.73498
606,978.20717,142.31695
607,770.33961,121.35038
608,935.57873,220.28338
609,858.70728,-100.35405
610,1031.39549,242.49642
611,847.81656,271.10407
612,854.74635,20.4405
613,919.21735,227.05996
614,645.21052,242.85521
615,753.98575,232.72734
616,766.95632,127.22441
617,696.46781,249.02704
618,757.51245,192.54467
619,776.25389,209.04689
620,755.6818,197.97892
621,738.02262,201.55731
622,743.68449,40.33195
623,721.90289,152.36642
624,779.62587,139.02592
625,846.95283,258.45547
626,835.94147,260.44935
627,826.7641,-17.60523
628,794.43468,265.18293
629,746.10095,168.99211
630,653.99865,228.23983
631,838.39113,26.90179
632,831.05257,215.54131
633,774.14139,233.79487
634,887.9464,-65.67961
635,912.82275,53.5694
636,883.77992,-90.30941
637,750.53113,117.31693
638,593.549,152.00412
639,631.33435,180.17453
640,805.4406,163.74439
641,772.38287,182.44753
642,750.64357,2.92659
643,741.44477,168.81594
644,697.78967,217.75176
645,495.27766,40.15469
646,814.30192,123.50297
647,474.54053,-29.1897
648,872.12854,-51.77683
649,711.26812,199.84742
650,769.44894,181.80456
651,716.0377,271.11158
652,749.28022,108.8817
653,759.61932,256.00016
654,824.50962,226.3081
655,852.54477,233.37404
656,522.15497,25.93629
657,768.80944,96.50797
658,670.69374,255.98017
659,864.1745,-92.08622
660,815.71849,183.47294
661,761.18036,73.00347
662,768.12174,104.25125
663,499.78289,48.0678
664,768.63302,170.31338
665,932.73649,208.16389
666,887.2621,-116.99826
667,733.20275,32.62176
668,765.83032,271.48908
669,802.06651,173.75824
670,824.29425,173.10287
671,600.80411,122.16752
672,861.03055,-72.68669
673,491.20086,27.61694
674,710.65952,206.17127
675,578.12658,160.96064
676,952.59142,-45.43331
677,762.04299,204.64411
678,677.52504,599.58633
679,698.45476,167.32312
680,741.90757,239.77421
681,838.65494,199.2311
682,872.90121,-43.57468
683,867.56709,-64.92745
684,799.40287,211.11284
685,770.62771,-46.48434
686,476.48612,24.12763
687,733.94343,13.56073
688,709.32035,138.3016
689,749.58391,201.61024
690,734.0073,266.87516
691,722.90426,164.31458
692,748.19459,229.23989
693,736.76244,254.77818
694,719.29052,257.41708
695,748.88244,92.20914
696,685.98208,127.94454
697,801.55127,196.72396
698,695.30408,230.48106
699,869.13877,151.19504
700,743.13068,133.77963
701,848.08965,19.17661
702,753.77506,40.1009
703,761.61319,-32.86971
704,642.78318,35.92806
705,768.13146,226.5578
706,816.68738,11.69157
707,931.04985,44.82684
708,551.73631,33.20172
709,772.09121,263.64194
710,899.95525,253.09163
711,864.18454,-69.06007
712,745.30753,263.68417
713,674.89605,576.17511
714,477.44913,26.85941
715,765.06491,220.42924
716,846.0462,276.2327
717,782.21761,206.61714
718,716.6864,250.51856
719,934.17544,202.68059
720,853.15593,112.36141
721,767.43531,254.97758
722,808.31509,58.26429
723,821.94397,204.58731
724,744.08479,201.69881
725,918.17955,-47.90244
726,554.9662,104.79569
727,715.58231,276.23647
728,870.46437,-89.86675
729,808.31832,98.10033
730,888.71703,251.19362
731,764.60827,223.27221
732,856.62692,165.37472
733,729.24883,125.18099
734,681.37695,79.41811
735,870.49467,-62.54236
736,957.62758,114.00511
737,915.82618,-63.19465
738,646.25397,142.92122
739,874.68388,-107.42867
740,732.33832,232.30942
741,640.51473,240.94622
742,692.59237,232.97592
743,815.49083,152.39674
744,827.30357,239.81529
745,718.3042,205.69678
746,923.53579,-25.63754
747,842.24398,1.27913
748,756.57198,231.9126
749,478.82386,16.52035
750,494.26598,34.90715
751,878.00435,-21.51698
752,715.14898,227.73333
753,750.92354,134.78504
754,673.56196,556.41032
755,687.23983,236.36273
756,619.0926,162.04319
757,871.33616,-80.54772
758,864.34428,-66.00199
759,770.46451,176.09779
760,972.70814,186.83697
761,675.86376,226.83365
762,1034.50096,180.59683
763,559.99539,152.39216
764,551.82,96.24039
765,844.02896,141.88724
766,786.95992,213.25703
767,971.46398,197.04769
768,717.38952,141.64074
769,718.38956,247.3511
770,657.43288,214.98242
771,872.5763,-118.62821
772,658.70088,97.60134
773,778.29343,264.73063
774,879.92667,-112.66826
775,779.23254,4.56918
776,910.41541,234.48185
777,898.21896,-136.64134
778,798.22461,177.28993
779,862.44417,-39.18366
780,785.03666,211.25165
781,995.80341,180.17853
782,671.08668,49.30655
783,946.41749,178.57337
784,562.50521,120.96359
785,744.2823,211.60686
786,814.33746,233.21779
787,773.92163,201.88827
788,731.59274,236.00907
789,849.01955,-68.46891
790,820.64586,30.98112
791,516.79002,68.94552
792,678.17749,114.03966
793,632.55483,33.14962
794,517.91795,59.71277
795,803.61185,30.8764
796,742.40334,202.15033
797,512.02626,29.34919
798,850.45059,-30.80756
799,750.99377,104.0218
800,795.8853,171.08467
801,689.14132,116.35262
802,792.21608,209.78069
803,769.94623,129.41679
804,742.75491,15.87334
805,906.2172,-125.91675
806,844.99751,207.36943
807,816.38183,129.93075
808,931.26489,-36.53642
809,877.1373,-100.41578
810,746.68953,61.48277
811,854.78815,161.97429
812,956.6704,70.65791
813,771.2469,132.15535
814,821.95801,210.87342
815,678.68867,50.79683
816,687.09616,245.34954
817,887.57746,121.48343
818,977.18031,0.27108
819,903.13005,-127.41206
820,756.82761,254.8446
821,658.08945,145.39315
822,712.64699,154.50103
823,819.14508,196.22557
824,879.84353,232.52104
825,695.53091,-8.92308
826,863.92699,-29.36037
827,819.11922,-40.69761
828,712.75891,233.40504
829,753.25849,267.47495
830,723.14572,194.88215
831,719.39024,217.51354
832,831.20834,241.67674
833,782.19322,169.10521
834,814.46425,179.77326
835,789.52457,173.8835
836,742.39167,79.82386
837,836.74929,182.7656
838,713.88552,225.96435
839,736.80545,145.51099
840,756.0016,248.42584
841,859.70233,-85.7481
842,876.03248,-85.60593
843,485.61227,19.16514
844,873.8428,-101.91168
845,771.14123,165.55528
846,814.90031,-41.84026
847,742.09072,159.51436
848,761.52343,155.07196
849,774.71855,238.27824
850,727.17149,247.50789
851,1032.88114,180.38743
852,805.55207,158.92526
853,674.75869,39.98622
854,973.37867,63.48144
855,709.68503,232.01133
856,683.92352,204.10807
857,729.46238,227.71075
858,749.56248,77.49696
859,694.89847,217.73727
860,756.77514,243.10833
861,820.21419,122.37422
862,758.41123,170.23254
863,776.85133,239.59924
864,723.04394,184.03178
865,803.6706,221.50894
866,466.52389,-24.67175
867,747.79549,-69.07646
868,874.69747,-103.96824
869,548.03389,101.48158
870,780.96149,-81.77657
871,752.7083,205.37219
872,727.37776,36.44885
873,724.06823,60.75491
874,697.97608,170.31066
875,779.12977,133.9034
876,733.12221,-38.81349
877,665.53557,225.23701
878,855.12815,-94.5907
879,772.11324,103.03111
880,688.9662,171.948
881,770.49836,222.40887
882,552.31927,-11.54351
883,736.34839,192.55404
884,762.64289,198.28813
885,789.19814,210.65382
886,766.45349,166.56676
887,821.97736,200.8559
888,706.13102,187.74927
889,516.37823,79.77426
890,669.10944,214.22419
891,744.04046,194.43215
892,875.56413,-78.40285
893,743.24393,155.71797
894,725.10921,63.22243
895,738.77786,150.10863
896,817.62284,170.21472
897,753.47469,87.65479
898,773.84114,250.60417
899,817.82128,91.29048
900,911.01635,155.02081
901,875.99256,-101.65509
902,772.90479,155.09534
903,738.61177,277.46858
904,680.23619,165.07307
905,805.72372,63.80485
906,469.0631,-22.99215
907,479.155,25.45359
908,879.40982,-97.67314
909,520.73422,73.12019
910,822.12672,10.53619
911,948.77346,-39.41278
912,811.42185,232.94203
913,952.29187,197.15151
914,780.21405,176.04704
915,716.02971,233.53929
916,875.71331,228.86327
917,833.46563,-42.41378
918,815.02051,89.48112
919,722.05495,275.64156
920,928.2422,174.10416
921,896.87568,242.40145
922,765.27789,74.6491
923,843.02172,143.28808
924,774.21547,206.20093
925,736.13277,219.89402
926,851.40889,-96.46204
927,776.11085,126.81433
928,796.01714,174.87003
929,746.0798,2.60515
930,859.46386,99.69923
931,777.52261,55.21636
932,487.89042,22.74379
933,840.34781,-101.12945
934,779.53755,168.87425
935,682.44798,260.14799
936,714.79159,190.29355
937,789.65716,34.83759
938,818.87131,227.113
939,832.09722,148.39072
940,720.90376,182.53487
941,739.8033,116.61783
942,493.89283,35.4934
943,744.16869,223.55196
944,946.00356,-56.24535
945,757.06281,133.5047
946,731.39554,137.78174
947,904.06799,199.8748
948,696.7928,207.16287
949,817.62425,118.26224
950,747.906,126.82058
951,791.08689,173.16951
952,796.3026,70.62717
953,654.66844,64.08953
954,737.17455,113.64774
955,1025.66428,179.7111
956,739.77419,277.32744
957,517.89852,29.13857
958,948.64327,-54.47587
959,766.43031,130.38343
960,750.07592,161.7038
961,940.05341,216.08812
962,750.87952,-63.60867
963,773.22762,279.97436
964,803.14263,188.90129
965,703.89162,165.3463
966,718.46211,261.74303
967,794.47556,130.05528
968,590.63365,148.79619
969,777.33049,251.7163
970,805.40517,254.20989
971,746.23985,286.46605
972,457.5149,-3.34234
973,763.10144,216.59974
974,518.74946,68.09354
975,817.82003,17.95464
976,696.1939,226.95005
977,982.76159,180.56116
978,714.31194,276.31906
979,646.56914,209.82864
980,782.42615,72.15617
981,661.42935,141.72387
982,595.3804,132.40896
983,757.31587,230.76142
984,680.41279,203.59623
985,744.52536,245.26979
986,855.4346,231.18084
987,832.04723,-63.81709
988,744.38109,184.04058
989,870.17537,136.08819
990,764.50305,57.45266
991,552.22308,15.59091
992,975.93432,198.9767
993,714.98907,85.23003
994,846.80287,243.20711
995,872.44294,-69.08616
996,722.5802,157.41501
997,974.37497,210.04814
998,741.70364,139.82179
999,885.36034,206.22512
1000,801.21974,144.77433
1001,723.92656,131.55109
1002,892.90467,237.72624
1003,749.06343,164.94392
1004,643.99747,87.84244
1005,873.33633,249.74339
1006,968.49656,25.42773
1007,780.61836,63.69099
1008,751.99293,213.20687
1009,860.21551,242.03562
1010,836.76162,159.0654
1011,724.28493,234.04735
1012,762.64849,251.32309
1013,834.0086,254.84646
1014,477.87128,-11.80057
1015,651.46617,95.59282
1016,638.25487,208.16107
1017,750.26485,-65.42061
1018,488.94146,37.53938
1019,704.55485,229.0502
1020,931.71421,247.75303
1021,883.90429,222.31686
1022,871.97198,238.28983
1023,876.27499,-80.63713
1024,761.23268,248.42397
1025,898.93683,-87.83268
1026,888.01627,-86.50906
1027,859.4028,252.60888
1028,896.84073,-102.7881
1029,937.31317,222.07785
1030,884.99785,-99.40788
1031,750.24425,115.62266
1032,811.34725,140.62995
1033,770.93784,88.73597
1034,723.26711,248.32884
1035,800.58306,159.90829
1036,753.85744,194.17201
1037,769.5034,188.95877
1038,818.92655,-50.05613
1039,856.68808,218.90766
1040,807.45923,172.27158
1041,842.58672,-69.39049
1042,759.65082,216.66423
1043,494.57147,30.4845
1044,478.32494,-23.84374
1045,885.10832,84.06424
1046,821.16637,110.52885
1047,705.585,239.55531
1048,979.31372,9.08416
1049,760.60671,115.01828
1050,799.57399,14.77265
1051,475.53339,-24.77176
1052,822.45905,206.28
1053,512.04569,13.46314
1054,813.0527,112.33736
1055,946.73645,-29.40521
1056,750.486,225.98917
1057,956.01289,203.32694
1058,919.06538,-89.81456
1059,643.43989,204.12631
1060,690.02922,155.1854
1061,475.40496,21.04239
1062,762.14865,262.3328
1063,828.43782,18.06689
1064,758.18554,127.67985
1065,880.17476,-80.49244
1066,785.88628,41.49713
1067,772.51061,163.87768
1068,812.4559,13.4519
1069,546.58408,73.72234
1070,769.30712,240.0689
1071,920.8482,-76.11026
1072,822.16356,246.51969
1073,870.7759,-65.65231
1074,770.07656,124.18236
1075,703.53837,83.18211
1076,687.46656,251.52373
1077,848.5899,-55.60595
1078,497.56364,47.523
1079,791.24292,-62.97439
1080,498.76277,-1.49456
1081,782.55631,138.22581
1082,901.5876,197.04867
1083,804.62606,226.07705
1084,809.26976,248.13032
1085,758.70807,195.71994
1086,806.31671,228.45985
1087,791.84333,235.84417
1088,714.49104,126.84794
1089,857.32247,154.51799
1090,805.72325,37.38871
1091,654.44795,159.91663
1092,866.32794,87.19176
1093,557.42768,97.90644
1094,492.12883,26.11708
1095,767.12841,196.23026
1096,724.03396,80.84547
1097,843.56446,-46.97895
1098,781.10329,233.47717
1099,760.87656,99.90151
1100,907.17008,195.23031
1101,679.39977,47.69354
1102,695.90662,76.13226
1103,733.80325,210.04331
1104,738.06602,142.36637
1105,751.42786,192.47989
1106,685.55908,96.01479
1107,810.03074,192.1158
1108,801.77125,246.97328
1109,681.63202,201.96151
1110,780.44131,186.00646
1111,887.04094,130.77417
1112,746.6348,197.31035
1113,730.09282,221.40593
1114,935.21533,230.0952
1115,733.4619,281.50134
1116,672.96712,174.36865
1117,858.17522,-75.40231
1118,865.90466,154.33335
1119,740.10032,222.59092
1120,789.92647,238.08984
1121,782.19716,109.40762
1122,803.07203,41.90888
1123,839.32937,237.16436
1124,661.12088,238.94371
1125,867.46798,-70.82981
1126,808.27854,-3.27578
1127,487.71315,48.10242
1128,746.56726,177.73064
1129,733.99521,84.88074
1130,842.72083,193.51542
1131,521.18792,85.76506
1132,772.02698,171.34231
1133,929.72078,-33.66445
1134,598.36407,118.25928
1135,824.91442,5.12733
1136,518.63476,60.88018
1137,790.56025,188.11045
1138,910.62272,212.91883
1139,972.33324,83.69823
1140,857.04721,-84.74872
1141,746.26737,142.36257
1142,815.58931,246.18952
1143,854.41731,-73.21492
1144,667.63016,140.49007
1145,835.05045,237.12403
1146,695.53421,211.19933
1147,656.73991,98.95072
1148,755.99595,11.75111
1149,793.91913,69.12835
1150,755.72997,200.25373
1151,848.88606,127.17787
1152,896.07643,-117.44182
1153,731.31454,80.3574
1154,848.04286,205.8381
1155,808.59671,168.41385
1156,899.30675,-38.88085
1157,875.63242,-61.25778
1158,664.80409,238.96839
1159,562.02705,-7.14746
1160,811.85459,221.46321
1161,773.09829,186.66904
1162,670.92458,79.66127
1163,759.8041,200.07825
1164,826.6785,175.68335
1165,775.56354,259.92816
1166,725.74922,204.6652
1167,712.01229,211.19455
1168,508.32953,56.63314
1169,876.73432,97.78714
1170,464.29767,-24.7868
1171,783.5426,119.53135
1172,826.76845,112.16155
1173,753.56124,-20.52237
1174,742.9415,221.80717
1175,862.58515,126.51037
1176,952.39003,32.04708
1177,735.55936,160.54883
1178,736.96483,157.80878
1179,615.20049,187.18381
1180,681.58584,626.98136
1181,594.39893,140.65827
1182,789.13604,142.08143
1183,851.3939,-80.48307
1184,644.06217,231.66638
1185,562.3524,117.28528
1186,729.39088,183.90769
1187,742.8728,244.9392
1188,892.46534,179.41629
1189,716.06396,171.62894
1190,770.60495,103.83598
1191,764.79575,6.25795
1192,487.04127,38.82968
1193,779.27764,231.57398
1194,715.30935,195.00807
1195,855.97283,139.38035
1196,702.67656,206.51413
1197,827.91359,107.50768
1198,719.71615,161.92772
1199,726.90009,168.52788
1200,937.60609,-20.14913
1201,793.28399,155.17939
1202,903.09148,210.20967
1203,497.78156,49.29066
1204,883.81044,-67.15669
1205,495.84125,8.38178
1206,682.55562,61.70396
1207,878.33833,-74.39691
1208,742.94089,167.80532
1209,595.02029,97.3608
1210,702.34402,230.33841
1211,711.37632,176.85059
1212,597.90824,126.73771
1213,714.08958,235.174
1214,781.37595,205.73646
1215,780.57473,-55.06324
1216,881.79526,-105.05174
1217,748.5918,227.65833
1218,761.15532,128.98075
1219,731.01807,250.94984
1220,821.40688,107.96972
1221,912.26914,138.27064
1222,768.61031,204.58937
1223,854.06697,194.46464
1224,934.1499,-41.42317
1225,890.04109,-48.77907
1226,721.73146,254.64005
1227,819.61355,252.09562
1228,810.79655,-9.06902
1229,772.78114,225.52598
1230,743.26709,105.57195
1231,606.24754,85.94957
1232,652.83253,142.43411
1233,856.70037,-50.82377
1234,682.5227,636.30859
1235,987.21342,178.12159
1236,759.06753,-43.00333
1237,872.84376,-88.12888
1238,743.52832,284.20149
1239,830.00391,194.24188
1240,736.1811,133.82904
1241,922.35222,52.46237
1242,544.74584,52.5814
1243,786.17607,226.29854
1244,720.98704,165.74601
1245,604.3242,171.72711
1246,676.81916,107.21926
1247,680.1623,247.32462
1248,928.16572,3.47257
1249,792.67434,227.24723
1250,771.38625,125.1371
1251,894.54658,-82.79045
1252,886.2531,273.36918
1253,726.60055,190.8166
1254,759.89345,171.94281
1255,876.74712,44.14408
1256,857.30611,-68.06386
1257,704.96507,215.13932
1258,950.2113,214.40918
1259,980.03788,9.88148
1260,780.9313,196.33025
1261,736.34223,36.05378
1262,722.50928,158.58014
1263,731.22421,132.46397
1264,747.10142,213.52161
1265,582.81468,135.64271
1266,655.85071,276.06356
1267,801.93327,94.74536
1268,705.12048,134.99429
1269,727.17186,197.63731
1270,764.91435,180.59524
1271,747.16688,203.87888
1272,725.76069,221.03887
1273,773.40996,210.84369
1274,726.51459,223.98687
1275,751.99047,120.69824
1276,860.73806,275.03723
1277,746.32679,-66.61789
1278,771.29044,257.92595
1279,732.64906,159.00378
1280,777.08702,184.32981
1281,633.60864,81.71651
1282,692.56911,235.06777
1283,920.1243,31.40206
1284,584.79414,88.14853
1285,711.47128,235.28681
1286,740.45988,-3.87018
1287,1007.16345,233.71558
1288,675.4175,580.41491
1289,827.51216,136.65978
1290,814.64411,127.89123
1291,687.96221,259.1033
1292,978.31429,12.24975
1293,893.82727,240.09354
1294,637.77161,44.70143
1295,755.01593,188.70521
1296,779.35721,226.43444
1297,729.28177,-5.51912
1298,707.59517,212.39781
1299,754.84927,178.66738
1300,784.35811,182.00904
1301,670.57342,105.71142
1302,669.05657,246.05475
1303,687.91397,54.82438
1304,732.36817,261.10165
1305,916.84789,77.8657
1306,750.20468,199.25838
1307,491.0098,46.15169
1308,476.05093,-10.24688
1309,779.38772,228.57642
1310,923.01028,-5.86632
1311,735.21578,45.94745
1312,777.53017,223.74196
1313,765.73388,95.16398
1314,891.83519,-87.23293
1315,764.44027,215.21899
1316,921.39588,-39.2035
1317,791.81178,-82.64579
1318,745.42056,149.46651
1319,932.30892,-83.36704
1320,863.72525,-52.61987
1321,837.96798,240.88222
1322,737.79933,279.7722
1323,719.74568,97.75959
1324,695.96306,181.96069
1325,738.26918,279.09064
1326,736.87988,178.77138
1327,697.73593,164.03852
1328,782.71485,196.06706
1329,688.7574,144.52967
1330,859.52969,-77.36432
1331,729.66066,267.20743
1332,801.28568,257.31718
1333,745.76448,100.31527
1334,789.69606,146.49253
1335,775.73982,174.82583
1336,768.29784,69.88081
1337,768.71283,133.4909
1338,792.45036,240.65048
1339,876.61396,184.21321
1340,773.76521,82.42706
1341,647.26908,101.00843
1342,967.90232,193.26259
1343,917.32852,-10.11928
1344,737.67631,145.90807
1345,896.24641,-90.10263
1346,779.79101,260.96279
1347,740.95745,230.02118
1348,853.42326,-84.24277
1349,910.86328,-68.33205
1350,912.6568,209.09896
1351,712.68271,195.55343
1352,773.14471,175.15288
1353,826.52693,111.12769
1354,780.02758,134.9399
1355,710.6981,102.89495
1356,677.42823,249.23895
1357,861.34279,-65.26492
1358,803.31264,234.85391
1359,1008.72245,230.6109
1360,750.94818,243.93116
1361,750.50453,238.99775
1362,709.97057,133.93612
1363,481.71833,25.29476
1364,772.47443,195.54314
1365,512.40071,48.82257
1366,845.44358,-97.53404
1367,765.98279,255.058
1368,796.34513,138.77178
1369,785.99576,232.66395
1370,799.68112,262.6992
1371,801.31811,234.88242
1372,843.77295,-30.69987
1373,750.83103,166.27955
1374,868.76483,244.835
1375,691.14353,229.88051
1376,747.12804,223.26307
1377,865.74173,-98.73545
1378,794.09438,216.99424
1379,739.88052,35.05256
1380,905.1807,241.88473
1381,771.87846,206.47032
1382,532.18716,37.04467
1383,775.69541,213.67852
1384,816.19127,211.10026
1385,841.95513,222.88382
1386,715.71683,182.87551
1387,956.8667,240.40049
1388,768.04399,245.44413
1389,677.84707,208.79186
1390,723.01409,171.38123
1391,843.70987,-63.53917
1392,659.91594,192.98713
1393,495.82185,38.29232
1394,710.97165,74.08051
1395,893.73262,-126.45116
1396,723.99569,122.42861
1397,793.50655,74.10858
1398,926.60264,258.66015
1399,980.59061,223.13738
1400,702.40797,0.11101
1401,710.89479,209.12948
1402,749.58302,-93.02333
1403,691.09291,262.71146
1404,662.1433,384.80167
1405,549.72974,100.6629
1406,907.35281,-26.29673
1407,952.6996,42.83826
1408,792.39792,178.64774
1409,711.66062,251.95908
1410,882.51758,232.09974
1411,815.60153,243.50112
1412,905.80077,-135.64385
1413,733.56534,212.11283
1414,749.52051,146.26277
1415,909.32548,-30.70648
1416,760.09825,229.1732
1417,784.17143,230.85583
1418,882.72694,135.8753
1419,698.23381,256.01951
1420,760.58578,268.03669
1421,730.99033,223.59894
1422,670.50351,185.30763
1423,808.89582,181.53478
1424,885.99579,127.06357
1425,686.13117,220.0477
1426,739.20625,244.43811
1427,881.25484,246.95222
1428,787.29293,51.85988
1429,692.65917,227.8424
1430,736.99543,209.5268
1431,764.5314,196.84279
1432,782.83954,165.90477
1433,730.41343,187.50591
1434,696.88733,139.91881
1435,703.95256,176.95448
1436,792.70144,169.20343
1437,703.20675,119.59905
1438,704.64829,222.64273
1439,925.97543,-44.48681
1440,734.95259,211.79803
1441,784.13163,166.43867
1442,794.87323,247.03212
1443,778.90108,97.12823
1444,749.85596,208.55981
1445,743.44323,226.55399
1446,540.18396,-3.70947
1447,857.5834,135.91371
1448,683.05509,632.59774
1449,805.99501,206.38344
1450,772.79428,110.0275
1451,825.93144,80.14175
1452,782.52202,-11.19017
1453,821.6102,120.80505
1454,726.35217,84.66618
1455,728.08844,171.49446
1456,795.54864,151.21098
1457,564.20514,76.6043
1458,748.56359,221.02583
1459,964.9577,154.63758
1460,787.41411,209.92559
1461,876.61539,-94.20004
1462,937.75541,237.34783
1463,678.58216,24.72537
1464,841.68652,-5.08145
1465,757.82071,226.07522
1466,716.95082,248.87797
1467,752.90316,219.72884
1468,954.27309,-53.80551
1469,691.47687,91.54219
1470,810.48848,164.44138
1471,814.84791,220.73265
1472,741.34166,53.20485
1473,785.86638,148.59894
1474,738.24461,168.68384
1475,778.50973,129.78989
1476,856.2443,-70.28372
1477,755.48061,171.09949
1478,862.26894,-90.8755
1479,899.23994,-131.18671
1480,789.79764,83.58809
1481,789.92323,125.4347
1482,962.60962,190.21033
1483,1040.7059,180.62969
1484,487.93879,18.5642
1485,883.88464,267.32482
1486,745.12709,221.28751
1487,902.01102,-94.02587
1488,677.90288,58.59041
1489,692.24094,-4.04011
1490,813.24455,206.45832
1491,546.735,114.66833
1492,816.92483,133.23995
1493,709.34854,215.71221
1494,657.43951,143.21057
1495,540.293,-7.06833
1496,818.7729,117.54549
1497,780.05995,244.93615
1498,807.68928,105.28505
1499,736.84442,265.45402
1500,831.31877,-52.52791
1501,796.64992,188.56655
1502,911.84784,226.6454
1503,588.16498,137.89091
1504,780.23846,-80.2658
1505,807.76727,-84.72889
1506,693.63176,214.71027
1507,970.0209,202.05845
1508,783.91447,138.06128
1509,621.90812,189.38673
1510,752.64617,182.36056
1511,712.59555,168.47474
1512,793.06354,201.56421
1513,781.11783,84.28218
1514,753.75937,222.7371
1515,760.2216,204.00606
1516,909.37632,37.09963
1517,774.58347,150.19389
1518,670.54103,84.92644
1519,711.85496,99.06846
1520,730.18548,-31.43688
1521,723.58949,213.11445
1522,685.31108,216.98627
1523,722.80942,233.38872
1524,851.41894,241.20713
1525,760.88512,83.87076
1526,748.8855,-78.774
1527,780.12688,101.43935
1528,808.4068,150.36357
1529,896.75061,227.03024
1530,748.04155,39.72832
1531,803.94894,10.05552
1532,920.24496,258.62113
1533,628.28567,30.76223
1534,843.29635,166.82176
1535,476.08303,27.20392
1536,846.3117,-26.92062
1537,711.60257,119.51851
1538,735.45194,225.30529
1539,707.99389,126.25339
1540,862.78372,260.57115
1541,820.97051,243.99224
1542,749.89561,206.54461
1543,783.84715,185.99176
1544,770.2464,207.42899
1545,1004.57408,181.46942
1546,732.00034,43.59716
1547,804.76256,182.98469
1548,505.8157,45.76847
1549,762.1835,199.16576
1550,946.28324,199.69147
1551,724.03935,181.56038
1552,797.85413,97.22563
1553,883.635,-110.10607
1554,794.86974,165.76367
1555,792.1585,118.12812
1556,971.15277,172.02342
1557,761.95557,227.92084
1558,713.03233,152.41248
1559,756.38703,10.30163
1560,917.53097,-126.05058
1561,893.61355,198.81314
1562,698.13428,212.05354
1563,732.44214,266.86322
1564,688.19892,50.08536
1565,758.68194,189.73658
1566,892.29298,127.57104
1567,718.67573,166.74854
1568,861.47682,108.14693
1569,813.59814,167.42183
1570,1027.03008,239.16363
1571,776.15718,86.31892
1572,789.67564,218.50166
1573,837.13414,139.38266
1574,710.40285,161.41864
1575,812.62069,163.40393
1576,644.20815,94.30247
1577,1033.20698,244.15699
1578,642.35868,41.09635
1579,729.07216,257.83825
1580,893.02452,226.93245
1581,464.58631,-10.18306
1582,819.26852,209.06632
1583,757.03191,210.92625
1584,699.3759,252.27264
1585,764.9028,236.62069
1586,885.63514,-106.68319
1587,609.51878,184.86256
1588,895.15972,-122.22262
1589,469.09085,-21.25985
1590,933.62227,122.07425
1591,862.58714,-109.53065
1592,601.76537,148.09668
1593,923.1784,223.84501
1594,718.91734,192.6857
1595,931.65383,228.96411
1596,728.05068,-11.33464
1597,968.0506,214.65816
1598,773.55003,255.41359
1599,746.89532,175.84922
1600,870.42665,-102.71368
1601,527.43419,71.64694
1602,916.26511,238.16466
1603,743.37769,215.21255
1604,567.4335,127.13895
1605,639.6547,50.24073
1606,817.78607,-9.45757
1607,765.35836,203.7719
1608,744.47357,15.40746
1609,951.16244,206.17449
1610,889.11271,47.84953
1611,709.75354,233.78691
1612,755.63611,89.01129
1613,778.60683,213.50096
1614,925.87827,35.53446
1615,748.35694,243.41844
1616,765.57194,161.04675
1617,651.22811,261.48165
1618,792.47818,101.16235
1619,891.61154,245.56563
1620,751.13329,215.08797
1621,832.96072,171.78032
1622,850.58724,-75.25521
1623,714.33496,187.94474
1624,676.04738,206.41748
1625,661.6856,241.26751
1626,750.7355,-2.61389
1627,736.7375,196.913
1628,752.46087,254.9647
1629,693.52223,216.15328
1630,750.56335,255.66005
1631,722.62305,202.35979
1632,596.20313,150.33733
1633,855.1554,106.75141
1634,912.83052,149.72999
1635,803.71947,125.78772
1636,935.08298,170.93957
1637,708.05784,184.3455
1638,872.85296,81.51787
1639,697.31637,179.76179
1640,548.13919,-3.92765
1641,739.98017,269.88911
1642,759.53276,238.98109
1643,738.60345,242.70528
1644,567.26551,108.60949
1645,892.61932,-108.6349
1646,831.95514,217.50571
1647,727.57392,259.95571
1648,775.53365,87.75516
1649,703.36333,269.50039
1650,766.92377,219.14189
1651,726.28949,109.42302
1652,766.81991,174.74914
1653,846.92939,-75.59143
1654,817.13351,208.2944
1655,892.67317,-102.89393
1656,689.65018,194.94316
1657,934.6494,-10.54156
1658,759.56483,187.58534
1659,919.831,232.1207
1660,919.46517,-87.47836
1661,848.31378,237.03267
1662,746.77657,188.02547
1663,862.83992,223.57133
1664,810.64306,231.11923
1665,596.98573,166.57928
1666,838.01704,-64.42106
1667,820.11485,120.16947
1668,791.09281,190.07399
1669,805.3303,241.02491
1670,806.76421,230.90752
1671,769.64177,156.67389
1672,730.17217,84.69791
1673,856.26064,-98.61388
1674,750.63082,175.41969
1675,857.8915,-53.22407
1676,785.1246,262.27936
1677,826.21621,209.22047
1678,925.95536,252.8018
1679,656.91776,247.0136
1680,947.35654,112.74841
1681,946.90855,229.86144
1682,741.73036,42.11949
1683,727.11377,235.80114
1684,870.22678,-77.66697
1685,864.17218,-86.22513
1686,707.56161,134.17696
1687,755.37932,207.82431
1688,860.89484,-111.59949
1689,847.40048,137.8967
1690,852.34254,153.86886
1691,792.32003,47.83055
1692,838.63976,-86.7947
1693,910.16684,224.72611
1694,868.6555,137.50312
1695,654.25647,87.33705
1696,777.34886,216.30198
1697,749.75965,59.85422
1698,937.02975,-78.09948
1699,920.49567,8.26895
1700,972.26193,205.98537
1701,800.43883,-48.48123
1702,659.28553,237.41141
1703,779.92442,199.53335
1704,764.2986,225.78798
1705,887.92089,215.06577
1706,760.1581,-12.59769
1707,814.19364,184.40878
1708,745.15617,284.16644
1709,746.63344,230.26836
1710,739.74246,216.76799
1711,864.33033,114.68491
1712,730.0787,45.26951
1713,767.1288,200.69415
1714,1041.41431,180.74279
1715,937.89024,174.00898
1716,836.92389,203.18587
1717,705.16105,264.13479
1718,777.30947,241.06782
1719,823.01129,83.01823
1720,764.2669,258.68839
1721,742.93584,218.8066
1722,855.69302,-66.35545
1723,944.96547,230.19823
1724,875.42865,-89.78971
1725,674.5131,573.06843
1726,778.1119,228.70272
1727,776.90562,149.49628
1728,711.05683,217.49183
1729,784.64901,216.53098
1730,961.8458,100.34169
1731,522.74656,31.86593
1732,780.65031,-84.76045
1733,777.1719,159.59595
1734,969.62161,199.22563
1735,749.81357,287.28661
1736,692.46299,222.06462
1737,772.40126,101.81636
1738,504.25308,48.79175
1739,744.90121,187.86643
1740,730.63263,196.01819
1741,903.16634,-134.17422
1742,721.38807,59.11731
1743,811.94984,254.83814
1744,715.39637,206.39236
1745,841.69668,274.1414
1746,696.46242,90.1714
1747,956.93707,178.73136
1748,739.49702,119.05021
1749,692.87185,218.58614
1750,965.74537,196.72201
1751,774.79087,219.30792
1752,806.7355,119.38642
1753,969.19599,208.5518
1754,776.87864,245.17414
1755,738.01378,129.23496
1756,822.11696,117.57854
1757,880.37995,72.75278
1758,835.17355,165.63751
1759,718.02059,121.4088
1760,662.07415,219.95834
1761,678.97455,262.3267
1762,798.9108,193.73111
1763,776.7018,98.50608
1764,690.90497,253.54513
1765,874.71957,97.64743
1766,496.97411,-10.40699
1767,795.70197,213.81177
1768,706.80864,148.09961
1769,697.49172,81.91427
1770,751.27306,164.33086
1771,840.85769,190.2033
1772,783.30967,256.94022
1773,720.03661,196.71159
1774,906.92616,-51.17291
1775,802.94251,130.01061
1776,832.4154,-65.6369
1777,774.67943,264.08415
1778,750.83151,188.36549
1779,783.22117,207.39385
1780,838.95626,-91.44705
1781,826.44057,-58.78995
1782,709.57186,241.33842
1783,734.36681,164.47122
1784,620.14739,168.8748
1785,830.64374,-39.01446
1786,750.36778,230.7691
1787,496.53353,33.41279
1788,736.74694,224.8002
1789,754.84357,181.31002
1790,814.03996,119.44089
1791,798.69961,138.03967
1792,739.75187,231.22967
1793,945.63768,-25.203
1794,841.65025,250.13584
1795,808.25364,197.04874
1796,674.44656,78.77463
1797,732.9988,167.50697
1798,761.91869,59.82337
1799,913.49888,50.73015
1800,735.8894,83.27935
1801,815.80999,249.54321
1802,719.91464,195.14716
1803,686.26012,202.26082
1804,925.88469,34.27452
1805,781.72902,167.63583
1806,780.18738,171.67522
1807,706.88191,209.10813
1808,786.72147,181.29874
1809,568.23926,120.5731
1810,712.56046,205.20375
1811,900.44538,-107.41726
1812,512.78099,35.01937
1813,1022.25726,235.94331
1814,788.53233,87.87235
1815,909.18275,-68.92196
1816,725.47336,153.67565
1817,699.46538,227.98438
1818,771.48059,137.15164
1819,774.95684,129.86996
1820,899.68712,78.56387
1821,780.44957,267.17711
1822,737.61791,166.25554
1823,806.74405,32.86953
1824,930.95533,-88.28493
1825,765.56658,209.28105
1826,765.48982,226.0857
1827,802.58456,166.28859
1828,810.62398,146.39351
1829,765.54977,228.3683
1830,788.84042,97.65646
1831,986.38038,224.97146
1832,758.08485,204.96708
1833,715.03269,135.71263
1834,891.01294,220.94176
1835,697.02694,122.0607
1836,717.88957,259.95156
1837,769.43219,216.59103
1838,715.35458,265.58318
1839,708.16507,263.93916
1840,808.92279,33.91208
1841,770.23146,61.73277
1842,714.1201,175.58903
1843,722.32751,229.22657
1844,740.09321,130.11888
1845,723.91944,176.12548
1846,675.65971,79.03068
1847,697.32643,-13.21079
1848,746.09259,81.30912
1849,934.48452,-25.72921
1850,734.34513,235.62485
1851,834.49257,80.0239
1852,740.42629,163.11948
1853,534.02847,73.16703
1854,821.3521,172.87052
1855,761.00148,209.6567
1856,830.63868,234.58012
1857,499.23125,37.76548
1858,740.45585,196.01387
1859,881.47453,-62.86899
1860,860.5737,188.37985
1861,684.93573,234.4634
1862,899.80383,-123.37562
1863,775.87114,-79.87038
1864,933.8984,-67.00706
1865,859.85846,237.7085
1866,938.50113,-10.15329
1867,664.03742,201.29304
1868,755.60946,104.04939
1869,805.94024,-41.76058
1870,837.98921,174.94932
1871,737.28677,135.41105
1872,871.66881,-77.48181
1873,799.84796,154.75694
1874,722.20148,204.4174
1875,904.55327,-0.821
1876,783.19883,174.72713
1877,913.54761,211.6626
1878,826.21789,231.90781
1879,887.6924,-93.62567
1880,666.10289,185.33353
1881,826.29168,101.91897
1882,889.32031,216.92867
1883,912.9216,-87.0349
1884,790.06882,162.71023
1885,962.70609,208.5765
1886,676.62915,587.45844
1887,770.07704,110.10018
1888,680.74902,168.86873
1889,523.85707,97.71881
1890,641.57012,234.82316
1891,767.42174,204.45568
1892,757.80801,211.19023
1893,801.95269,250.88341
1894,890.14588,-104.85527
1895,920.6181,-61.49201
1896,702.82725,107.6281
1897,616.0327,190.35245
1898,696.26827,159.07982
1899,731.54226,176.13969
1900,752.28417,187.96027
1901,730.94226,227.52694
1902,860.7798,-95.45312
1903,799.10827,199.33539
1904,900.23915,207.83289
1905,539.09729,-5.09646
1906,773.29118,86.05612
1907,828.75398,-59.42319
1908,855.91409,244.41502
1909,702.22538,146.70492
1910,810.95216,128.93063
1911,715.78407,208.40714
1912,787.84277,202.87322
1913,891.36642,127.9454
1914,722.11433,244.34827
1915,959.73071,195.47542
1916,915.69973,-88.72226
1917,817.83216,-77.17374
1918,928.63488,227.7665
1919,729.24886,50.01626
1920,700.65009,152.71482
1921,854.08634,-82.15549
1922,878.13833,-111.79921
1923,894.76894,-8.89175
1924,760.63165,235.80133
1925,688.61512,71.87319
1926,699.18373,132.82656
1927,733.20147,-10.43461
1928,797.43228,258.18393
1929,810.21327,182.42226
1930,593.89253,115.59936
1931,892.9246,-61.18361
1932,874.32371,-84.47401
1933,886.35553,-19.58591
1934,729.80211,201.41504
1935,843.61266,149.38799
1936,725.73132,179.8518
1937,546.28167,-9.14143
1938,917.67996,-102.93948
1939,871.72182,-85.05421
1940,902.82416,-113.05049
1941,666.33938,92.8594
1942,735.58971,202.33101
1943,864.73645,242.02881
1944,752.68742,98.57154
1945,747.83025,68.59188
1946,929.99898,-83.63188
1947,839.26517,-1.77042
1948,785.4031,157.95456
1949,474.53359,25.66435
1950,582.32548,119.69957
1951,731.66681,190.59281
1952,673.44236,165.3152
1953,815.81332,146.53087
1954,750.44108,190.59571
1955,767.4573,158.30112
1956,775.94625,180.73776
1957,858.67985,-61.64803
1958,712.49519,262.42896
1959,776.55797,253.5367
1960,846.15997,-100.32093
1961,767.84393,74.19234
1962,892.41769,-116.95581
1963,804.53748,153.3186
1964,948.74849,-33.80987
1965,889.90891,-122.97557
1966,952.38421,209.19975
1967,743.4256,269.46757
1968,638.41978,201.79845
1969,648.92123,237.10617
1970,947.62331,-42.10663
1971,888.00612,-120.83841
1972,698.18121,-13.23797
1973,784.54507,229.86631
1974,813.64902,249.9045
1975,776.70883,125.22753
1976,832.76382,250.69437
1977,654.64683,150.87489
1978,672.19127,215.46203
1979,883.76723,229.49356
1980,894.24633,233.2355
1981,738.6344,147.57412
1982,813.1323,173.01216
1983,725.92526,194.78924
1984,757.87997,214.28436
1985,661.41758,201.09231
1986,753.90459,256.85935
1987,756.51057,229.31805
1988,906.36791,-93.41291
1989,833.13015,-59.35377
1990,786.80872,145.60202
1991,868.49903,-93.58551
1992,888.25636,-61.56075
1993,775.15459,-10.934
1994,771.223,159.12544
1995,760.13951,226.38251
1996,903.96403,83.73097
1997,657.99611,102.33956
1998,871.3485,-45.34845
1999,779.29114,209.59236
2000,717.8415,244.5511
2001,849.82392,275.12482
2002,575.78027,137.82112
2003,754.34229,134.96485
2004,803.32256,162.50438
2005,651.37091,227.4155
2006,899.89685,-114.23197
2007,686.64078,221.45961
2008,802.57729,155.81924
2009,764.62277,214.06723
2010,720.66796,209.56609
2011,791.6534,248.49622
2012,637.45127,163.24661
2013,696.74719,150.9453
2014,728.3067,206.34354
2015,828.65719,235.72273
2016,807.90019,163.80884
2017,491.91775,22.06507
2018,891.67779,-71.19419
2019,875.61289,91.81793
2020,830.36793,147.37039
2021,804.8246,258.85561
2022,762.05834,202.41729
2023,745.01049,209.83953
2024,871.87925,-93.26886
2025,763.5292,194.65215
2026,776.47656,137.2482
2027,857.92821,-71.49925
2028,528.97361,36.87463
2029,780.72582,194.01827
2030,664.34422,166.13932
2031,786.01578,164.56792
2032,533.23294,81.14366
2033,877.57089,-87.5118
2034,752.23005,155.39217
2035,886.66265,-104.92743
2036,660.95223,203.1581
2037,685.08759,240.05105
2038,904.24269,-134.69888
2039,879.27515,-65.50933
2040,754.78786,-98.02442
2041,975.00438,197.46201
2042,789.82383,198.51648
2043,576.93347,74.65621
2044,776.37449,120.33876
2045,719.7622,243.79418
2046,722.52365,188.07259
2047,849.00249,165.33713
2048,879.44035,-86.86871
2049,968.05808,225.92863
2050,645.66176,70.7627
2051,746.61,130.17123
2052,721.0953,71.93842
2053,707.14265,259.55342
2054,898.84463,-121.27423
2055,786.39416,152.20825
2056,728.64902,216.40138
2057,748.02604,48.63643
2058,718.99994,15.47247
2059,839.41425,245.09903
2060,759.83337,91.09922
2061,884.05824,-106.66033
2062,846.38676,212.24542
2063,884.89428,-92.09102
2064,755.23505,253.07785
2065,747.38158,199.07607
2066,973.40791,214.8166
2067,723.18339,259.39052
2068,799.99521,151.84398
2069,646.74174,91.05723
2070,656.19576,83.51099
2071,758.12749,261.49125
2072,855.58792,-79.72121
2073,733.94531,199.77979
2074,725.81201,174.00108
2075,782.21601,243.49396
2076,779.12603,161.63729
2077,729.98194,-0.43688
2078,747.67537,159.29999
2079,724.21115,263.30088
2080,822.73956,150.71816
2081,749.63142,-98.46337
2082,1006.61733,177.07872
2083,691.57031,83.03283
2084,749.54038,262.33583
2085,729.59671,138.1794
2086,726.66231,111.54896
2087,778.56381,160.70419
2088,832.72913,173.83358
2089,735.2988,194.99463
2090,788.94554,225.98316
2091,859.59263,260.95774
2092,769.73435,-4.92083
2093,689.81607,259.47634
2094,914.55191,184.12236
2095,752.09787,90.49304
2096,624.44189,193.93063
2097,753.6936,146.86946
2098,899.54068,-118.25677
2099,761.04488,47.5283
2100,738.16184,276.76336
2101,825.16244,41.37119
2102,723.9742,215.9355
2103,956.37027,230.33306
2104,854.90495,-83.33309
2105,942.20803,178.65921
2106,907.50203,43.56929
2107,730.29088,141.72113
2108,689.26188,170.00601
2109,874.852,102.86161
2110,670.33563,76.04738
2111,647.35548,222.36919
2112,879.61263,-102.19703
2113,737.12157,278.01993
2114,755.05518,56.39667
2115,869.83403,273.46087
2116,751.87948,5.50486
2117,835.30204,257.4104
2118,799.75354,161.65587
2119,756.54384,234.60469
2120,668.65967,255.20745
2121,704.90489,120.71497
2122,739.62717,192.64904
2123,778.55833,183.27061
2124,869.38587,-78.84142
2125,703.47304,110.98577
2126,759.46172,219.95445
2127,698.24969,234.77571
2128,828.91736,99.23433
2129,784.67971,251.04306
2130,725.99612,203.4047
2131,854.76077,233.58011
2132,720.64552,259.07397
2133,854.93245,-64.47328
2134,479.09865,10.96218
2135,888.72915,235.76884
2136,768.69339,185.16468
2137,674.10907,92.91449
2138,887.45626,-57.39103
2139,799.23032,239.34064
2140,798.71049,57.23328
2141,714.41767,181.95929
2142,777.71718,222.66653
2143,682.12007,633.74885
2144,787.33144,176.46124
2145,742.44843,23.06891
2146,875.90469,128.82608
2147,766.24324,124.75776
2148,745.56391,60.5487
2149,707.6299,228.10025
2150,810.24173,126.12656
2151,888.98828,78.38087
2152,766.5384,176.06937
2153,867.6575,-86.10297
2154,828.28459,180.62007
2155,827.82733,188.22587
2156,979.01922,213.92171
2157,805.37569,227.7324
2158,800.60364,59.60761
2159,745.98887,24.85464
2160,760.90178,184.11908
2161,762.04217,189.18349
2162,982.02088,175.14437
2163,723.69459,70.91483
2164,709.65695,154.29927
2165,848.9903,130.84862
2166,840.57425,-72.06064
2167,509.59791,41.30018
2168,739.52244,115.1039
2169,653.60713,181.96739
2170,758.95087,99.35207
2171,520.94368,37.92392
2172,518.11307,58.46928
2173,805.18974,151.0961
2174,679.45118,210.15215
2175,766.22382,231.70558
2176,516.07251,72.60245
2177,854.57803,-49.52988
2178,721.30751,225.36825
2179,569.65778,127.14569
2180,732.63877,196.3234
2181,758.27067,229.204
2182,677.67026,258.13172
2183,650.21015,193.40665
2184,759.14675,84.12115
2185,780.90332,160.24592
2186,924.06831,177.905
2187,814.41566,169.72919
2188,737.69733,182.68068
2189,816.62444,245.6608
2190,789.80505,208.10234
2191,804.4842,239.51206
2192,790.94985,170.84624
2193,764.71952,198.00956
2194,677.0708,592.72289
2195,906.43268,231.23266
2196,713.74753,202.23469
2197,644.99728,167.88393
2198,485.14949,-24.08147
2199,889.46215,99.14652
2200,741.56635,148.343
2201,768.87462,252.87699
2202,707.45517,155.57533
2203,879.65066,114.87053
2204,594.30143,137.72894
2205,717.38227,226.25119
2206,901.99051,90.11162
2207,734.72537,217.50766
2208,751.04578,142.12744
2209,732.22268,229.90625
2210,811.62294,258.5749
2211,655.73733,192.18013
2212,686.60605,260.53846
2213,877.76006,-59.01693
2214,721.62752,235.50337
2215,478.766,19.27534
2216,849.2819,-28.15638
2217,682.83251,219.06632
2218,948.49808,-45.18019
2219,766.4866,-32.39321
2220,970.75997,194.47253
2221,687.34664,75.12519
2222,748.09184,63.34804
2223,724.73551,136.62432
2224,755.93204,236.86774
2225,791.27699,159.28659
2226,952.42005,178.38552
2227,891.7946,-81.87824
2228,748.85214,188.32472
2229,715.78662,116.62826
2230,863.31316,173.98584
2231,876.22117,140.3807
2232,833.96894,259.77477
2233,826.81325,204.35211
2234,729.18679,272.51198
2235,902.28846,-125.64249
2236,810.03847,239.00641
2237,883.18266,-77.09847
2238,762.24307,253.82423
2239,731.80815,-16.39403
2240,805.14839,52.63824
2241,755.90339,245.20177
2242,829.06076,-17.48439
2243,758.0755,110.18665
2244,631.01921,-1.79377
2245,737.70748,220.61726
2246,720.7175,248.9821
2247,914.28584,-49.9359
2248,803.80067,168.88567
2249,1000.12467,180.50315
2250,939.47922,235.21714
2251,773.39728,148.2538
2252,868.88752,79.24778
2253,683.45182,110.60838
2254,791.48159,168.19951
2255,717.33762,238.81793
2256,892.22651,-120.48838
2257,723.30055,125.92543
2258,780.98447,-77.29919
2259,762.81238,222.29683
2260,804.9692,149.75026
2261,738.09988,191.25969
2262,739.2813,97.26304
2263,786.4476,203.66121
2264,700.26657,132.27686
2265,802.68875,216.05294
2266,871.05658,-87.69143
2267,869.01688,-83.82351
2268,803.45678,208.91218
2269,795.3856,235.00307
2270,930.97039,-81.29261
2271,773.72092,204.17841
2272,689.94506,224.38167
2273,889.19137,8.45484
2274,980.23293,202.4293
2275,718.72263,253.82341
2276,760.85634,133.02786
2277,876.37858,-28.42727
2278,905.16717,206.83485
2279,757.13451,107.00812
2280,901.91582,-48.00256
2281,623.3914,9.09482
2282,854.25942,274.36217
2283,774.16108,188.79999
2284,949.07622,211.53864
2285,828.54803,227.44179
2286,794.68224,199.80095
2287,763.40519,153.9481
2288,581.17359,131.93127
2289,543.42042,44.78861
2290,820.11536,248.75865
2291,974.14442,200.46475
2292,914.37271,-48.2104
2293,676.16809,89.06711
2294,667.11679,223.30846
2295,796.52701,152.63741
2296,783.14839,106.11951
2297,778.06954,257.63678
2298,515.47817,31.5242
2299,663.98133,254.28969
2300,977.19813,220.39223
2301,805.8304,192.03184
2302,582.92931,147.85798
2303,709.5237,112.98019
2304,985.99482,210.9104
2305,760.84444,197.18806
2306,749.70951,222.37628
2307,657.18528,227.58011
2308,549.31083,92.85457
2309,776.43677,170.55628
2310,776.45116,38.61551
2311,520.59491,67.05894
2312,778.69138,240.82367
2313,518.21028,38.42786
2314,944.48563,-19.54412
2315,703.33275,246.38448
2316,678.71889,257.25948
2317,729.73359,246.31688
2318,828.71703,198.23571
2319,715.77203,159.5119
2320,814.78318,171.74576
2321,861.98914,-17.66659
2322,726.94152,226.98698
2323,722.39707,147.40662
2324,782.34326,183.01975
2325,498.05786,23.63654
2326,647.06278,237.22966
2327,724.74329,224.13054
2328,730.54228,135.35638
2329,808.93575,269.90315
2330,794.91541,250.88499
2331,887.55326,-80.28198
2332,761.28413,86.6201
2333,755.88761,-0.4847
2334,923.43813,219.38
2335,841.05802,206.45944
2336,809.72384,274.80321
2337,924.96987,7.31169
2338,768.1002,222.53314
2339,786.02461,60.73644
2340,702.38686,224.28422
2341,747.01207,294.27359
2342,846.15599,-45.63478
2343,760.60996,182.81474
2344,876.91205,113.58143
2345,822.15065,213.65866
2346,883.63596,55.20425
2347,674.20673,248.71379
2348,776.53757,228.5585
2349,697.17052,264.58481
2350,716.18949,138.20838
2351,724.81876,202.43609
2352,770.22778,100.8354
2353,481.77514,-14.26233
2354,627.50868,153.11201
2355,815.94253,26.46345
2356,744.45815,228.3195
2357,909.84561,-126.24572
2358,747.14733,208.05153
2359,725.7985,196.34982
2360,766.69452,173.4607
2361,796.31403,236.48536
2362,745.05488,229.52466
2363,844.68249,-57.14336
2364,702.75292,236.31367
2365,666.68758,166.09151
2366,722.90311,127.72902
2367,918.87585,42.80279
2368,741.31046,86.11328
2369,678.05815,175.45422
2370,754.80028,185.39891
2371,738.53799,181.50803
2372,765.1984,149.01877
2373,758.2729,158.65875
2374,757.35229,270.41504
2375,784.77852,181.16424
2376,781.26975,259.7298
2377,849.69089,236.26674
2378,788.6007,139.33108
2379,771.49793,241.45299
2380,655.97368,146.62647
2381,715.27194,150.21963
2382,484.68893,38.09544
2383,541.50294,73.50413
2384,685.35499,171.61081
2385,583.909,91.5565
2386,914.81543,155.86614
2387,708.56246,168.05751
2388,793.78246,80.64952
2389,763.11955,172.44367
2390,688.40729,235.6425
2391,527.76457,79.53561
2392,701.83302,208.4155
2393,680.35709,619.8614
2394,607.17162,174.35697
2395,799.27746,190.25829
2396,916.34888,-18.1163
2397,974.86832,212.26591
2398,676.84772,124.10221
2399,608.42239,126.36528
2400,927.95668,233.73788
2401,833.31223,-94.84547
2402,848.48129,269.12218
2403,743.05489,253.1908
2404,786.03734,76.0337
2405,486.5359,35.09973
2406,723.19635,179.62703
2407,790.36191,231.37362
2408,884.12199,-83.73505
2409,902.31657,73.78317
2410,726.48476,213.15685
2411,1008.1439,232.08479
2412,823.40814,214.70117
2413,943.47627,167.3216
2414,807.63693,216.53838
2415,856.54761,-64.92461
2416,794.16206,185.13775
2417,709.1372,160.68992
2418,568.62483,88.02621
2419,858.20806,142.42691
2420,795.36182,114.92817
2421,770.30451,170.50494
2422,732.683,186.08323
2423,779.00232,245.74835
2424,765.88157,179.71341
2425,804.08819,40.43654
2426,730.50803,102.51873
2427,862.38564,-95.99216
2428,707.77754,207.06157
2429,881.58712,-90.42302
2430,736.51979,201.91334
2431,890.11146,-117.76267
2432,964.86059,230.89601
2433,914.43257,190.81633
2434,937.36348,213.52324
2435,797.53408,-23.74362
2436,748.09784,-53.14116
2437,748.95551,214.35665
2438,891.54332,-69.69307
2439,791.74007,203.74145
2440,778.83187,156.61456
2441,482.517,12.86575
2442,702.46479,186.30142
2443,728.37237,209.07531
2444,851.2131,251.86919
2445,717.16321,183.89582
2446,758.5,210.01581
2447,912.18265,218.74419
2448,795.28862,194.8097
2449,678.24368,243.76414
2450,823.16919,168.65413
2451,838.29872,-36.41777
2452,977.20176,216.87714
2453,734.63226,97.81382
2454,777.6193,171.85452
2455,942.40467,-21.41126
2456,707.45028,117.02042
2457,717.42882,180.42402
2458,812.04187,-28.81233
2459,754.62959,214.2527
2460,844.26166,-66.75455
2461,717.66639,194.42875
2462,854.84029,236.21129
2463,802.88542,157.63828
2464,718.28372,144.56267
2465,846.85064,-39.62559
2466,893.78638,-98.81395
2467,734.36537,282.1375
2468,717.55301,149.49023
2469,728.86786,243.73985
2470,950.97772,224.96528
2471,759.79744,58.54528
2472,764.38366,-25.2937
2473,745.48262,234.39403
2474,739.00899,177.54498
2475,500.18936,57.41907
2476,734.40473,221.98484
2477,823.15029,99.51331
2478,789.38712,149.32216
2479,842.88798,-79.97764
2480,767.12249,114.48626
2481,890.49525,-99.26542
2482,757.96408,140.42417
2483,707.7482,216.11331
2484,1021.29269,181.15099
2485,925.08308,24.73159
2486,752.68166,199.36233
2487,661.02006,172.22132
2488,740.74739,-51.41268
2489,798.77957,202.61955
2490,747.38846,181.85368
2491,836.56261,220.32999
2492,745.33148,93.43383
2493,759.079,267.42087
2494,674.18605,150.30932
2495,740.98543,182.18508
2496,944.14314,222.23372
2497,739.86905,129.23602
2498,781.57972,191.56767
2499,793.82158,212.36917
2500,770.75402,242.6724
2501,809.23791,-25.18952
2502,827.57957,223.07298
2503,874.93045,239.46811
2504,752.83262,215.49503
2505,489.18345,24.55584
2506,617.98284,135.66041
2507,780.41777,168.37216
2508,572.61303,133.18408
2509,901.49333,-77.11743
2510,806.65429,178.14251
2511,662.46661,208.96257
2512,711.2581,175.64645
2513,874.02283,244.70366
2514,941.21796,40.53364
2515,809.86031,-76.92841
2516,827.66099,264.49051
2517,771.77264,172.89176
2518,766.53079,144.95505
2519,571.11771,126.17854
2520,939.98187,38.4124
2521,870.15675,-75.64913
2522,841.63883,118.22185
2523,808.7879,233.64339
2524,819.12962,146.19817
2525,784.03599,152.29418
2526,845.68108,-74.49567
2527,800.40638,200.7679
2528,749.12711,158.78572
2529,924.38176,226.44061
2530,748.93686,232.5207
2531,717.01517,256.24787
2532,860.49831,-87.23291
2533,702.51934,220.68903
2534,767.22249,-87.46348
2535,772.74582,141.44791
2536,634.8006,161.46015
2537,868.77295,-95.46662
2538,515.08354,61.1246
2539,910.20248,35.91358
2540,897.2962,2.89422
2541,783.79729,76.15298
2542,848.83629,164.42792
2543,800.29527,252.54557
2544,808.6981,14.86193
2545,689.81404,4.99377
2546,697.96643,128.15688
2547,837.35823,209.69895
2548,766.34447,178.36031
2549,724.63627,211.36063
2550,877.88686,-78.03681
2551,765.62085,152.80001
2552,775.1721,-78.43361
2553,729.96392,167.91295
2554,906.49944,-114.95779
2555,729.6439,123.04389
2556,806.22945,193.63389
2557,505.43042,55.24078
2558,773.79623,112.56522
2559,921.74342,12.63782
2560,987.22595,212.60258
2561,822.09007,250.75394
2562,890.85428,-108.74692
2563,698.19261,154.11183
2564,728.81479,259.04341
2565,904.86039,68.03273
2566,760.34122,218.28266
2567,721.70703,137.52538
2568,660.495,208.23497
2569,802.47491,228.28765
2570,738.53619,208.42533
2571,752.81221,149.55851
2572,498.98985,31.11856
2573,757.9201,207.29967
2574,784.86722,235.39438
2575,878.67166,226.35125
2576,721.73233,168.18668
2577,749.29748,177.70047
2578,939.82636,214.76693
2579,717.36574,219.04508
2580,793.69023,62.61276
2581,885.68498,-102.18451
2582,880.65345,236.46375
2583,644.37499,123.5197
2584,944.05091,178.66739
2585,516.16394,-16.80271
2586,769.84595,162.00292
2587,861.79262,139.18452
2588,775.36931,225.2156
2589,791.68111,230.00605
2590,749.85557,242.67949
2591,699.91803,211.21829
2592,812.10555,168.76006
2593,763.18926,84.7523
2594,859.93039,236.18002
2595,964.87222,20.823
2596,755.4934,158.04314
2597,748.70232,84.47983
2598,717.11705,222.31902
2599,719.38161,206.63787
2600,477.09373,-13.53637
2601,896.30355,-35.65194
2602,717.55033,133.90183
2603,537.92992,100.58682
2604,899.37074,252.29536
2605,769.54627,201.77434
2606,808.65706,264.30235
2607,991.14176,217.50351
2608,963.36234,-36.69679
2609,490.86779,33.26112
2610,949.44798,-25.91886
2611,648.75756,89.93451
2612,679.72349,232.45012
2613,735.75684,190.45995
2614,809.8558,225.72458
2615,688.67312,197.65035
2616,769.39387,230.05383
2617,734.31104,85.76653
2618,882.19212,-111.82561
2619,783.01532,169.9124
2620,723.01857,210.13074
2621,778.56142,222.52891
2622,574.01471,29.91172
2623,874.86752,20.2272
2624,813.62748,234.89153
2625,831.38404,157.71117
2626,645.8272,91.82694
2627,691.22579,144.47304
2628,765.87144,23.43888
2629,770.21579,224.50624
2630,785.49272,81.46843
2631,857.29053,251.36457
2632,723.37159,75.66737
2633,825.51899,58.385
2634,843.31968,265.31773
2635,885.80276,-78.30709
2636,766.59372,118.32783
2637,693.84536,257.88628
2638,725.44526,-25.17371
2639,803.81031,213.09578
2640,809.02595,107.71435
2641,676.23349,586.08316
2642,799.57785,42.27685
2643,901.37682,-119.91624
2644,702.41368,190.90526
2645,757.42642,63.62439
2646,725.5813,239.97818
2647,751.96069,195.59888
2648,767.50408,-11.30802
2649,796.07058,215.73042
2650,651.47214,250.17261
2651,814.76424,216.54687
2652,733.65325,225.78715
2653,781.22329,215.27753
2654,686.56674,115.38824
2655,722.5569,198.11621
2656,840.62618,-68.68167
2657,787.2665,173.0205
2658,719.05392,223.14499
2659,728.16369,153.09337
2660,675.04749,224.47408
2661,781.59341,253.9337
2662,721.02955,169.64583
2663,759.92036,81.39943
2664,638.1802,226.25673
2665,848.53987,244.1448
2666,816.4205,122.60095
2667,818.89601,184.64738
2668,864.08757,-63.82649
2669,800.20807,69.88055
2670,675.70743,166.59686
2671,778.92859,179.02609
2672,784.17045,238.28913
2673,908.53508,-126.24298
2674,873.41693,-82.08883
2675,790.14449,216.0835
2676,731.05968,95.64649
2677,664.26029,231.01995
2678,876.25825,252.54934
2679,934.05197,-58.90775
2680,901.67336,-73.3114
2681,1015.1731,180.68365
2682,795.42651,258.16166
2683,786.73744,222.28561
2684,758.95053,264.65901
2685,806.90671,156.76322
2686,881.40519,-108.91111
2687,753.65941,-89.727
2688,718.03839,264.204
2689,910.01462,216.91142
2690,731.17314,212.628
2691,798.40972,244.1746
2692,825.61763,129.60349
2693,501.97792,35.06293
2694,779.55502,217.4726
2695,511.76512,51.92335
2696,823.54365,106.91348
2697,778.41881,154.70294
2698,693.78131,243.35174
2699,734.21262,162.91696
2700,781.9483,78.22353
2701,854.75256,97.36491
2702,742.16302,135.73115
2703,763.74022,88.35307
2704,796.15379,186.02083
2705,827.57351,131.6435
2706,839.97193,-33.22926
2707,622.45448,183.26523
2708,789.05284,20.09199
2709,812.77581,1.35708
2710,728.93341,165.836
2711,701.32295,216.43052
2712,780.16064,169.66688
2713,771.10869,265.42699
2714,871.48703,99.10632
2715,942.71403,202.48599
2716,895.44586,231.21734
2717,813.03502,237.01388
2718,839.53842,218.65776
2719,973.07459,238.78772
2720,881.12434,-84.99325
2721,835.2498,275.17313
2722,758.0679,176.45153
2723,734.11368,157.12539
2724,873.66541,264.16776
2725,911.90228,-125.27943
2726,800.17873,82.83749
2727,811.89999,149.7787
2728,878.39319,-7.50981
2729,786.47935,140.08261
2730,771.31704,201.41388
2731,907.43675,-19.03254
2732,762.52307,230.63528
2733,898.22616,-117.75616
2734,743.89718,178.63771
2735,725.00024,155.44269
2736,808.79919,219.1658
2737,725.17266,229.07545
2738,799.11827,175.32527
2739,767.35581,212.6757
2740,803.09449,193.34722
2741,858.79931,-65.20839
2742,752.69143,158.32335
2743,791.98434,174.52137
2744,783.90343,192.85044
2745,700.09064,249.22235
2746,764.72038,171.07365
2747,538.46182,105.52292
2748,767.43648,139.40055
2749,815.20445,198.35565
2750,724.61039,121.92289
2751,786.50113,167.23781
2752,679.72499,134.13404
2753,776.02871,256.56981
2754,836.78941,168.93988
2755,932.12865,150.48388
2756,835.45524,-64.18947
2757,777.24022,153.52131
2758,779.01412,182.08063
2759,666.34727,229.11078
2760,944.25339,235.01357
2761,772.30227,121.73953
2762,789.04608,190.22192
2763,855.94668,227.6974
2764,805.91716,211.0888
2765,900.85572,-112.89313
2766,721.8118,192.3692
2767,812.47896,224.87793
2768,885.48747,231.71739
2769,854.3057,196.47689
2770,807.31879,52.88049
2771,911.58721,-53.2521
2772,819.58008,148.09417
2773,695.99365,116.67759
2774,632.38163,166.37874
2775,720.68692,111.74363
2776,617.84856,62.04068
2777,519.11902,70.98911
2778,754.66569,204.49433
2779,555.45934,54.48579
2780,834.99479,183.46427
2781,899.62978,-84.14928
2782,613.69545,179.02532
2783,818.57966,150.02225
2784,869.65074,5.29001
2785,803.79471,35.91344
2786,725.58358,-14.98666
2787,815.50605,16.08055
2788,865.9384,-113.44916
2789,774.35062,221.05732
2790,751.73112,219.0601
2791,918.38402,-59.81127
2792,757.94369,-15.60263
2793,603.68531,136.47248
2794,778.346,-65.47224
2795,802.3794,102.46128
2796,797.1684,227.93859
2797,795.93154,124.84381
2798,727.10123,214.54745
2799,852.82265,150.62174
2800,863.56759,89.32557
2801,740.84169,184.31762
2802,748.2003,166.60306
2803,877.1638,-90.26612
2804,961.88241,27.97249
2805,843.88881,280.38502
2806,750.19249,-96.49561
2807,684.6061,213.62208
2808,678.06044,192.98441
2809,705.37764,211.23133
2810,497.83515,58.40198
2811,878.36262,167.91009
2812,680.55124,205.43794
2813,836.39841,199.34551
2814,786.47832,-14.94572
2815,814.32193,-36.26434
2816,817.11207,145.84512
2817,869.82514,261.90688
2818,776.83841,177.96818
2819,749.48218,289.58687
2820,477.2827,19.29253
2821,604.09281,145.66592
2822,473.03391,-21.15327
2823,887.69239,-115.01952
2824,858.25627,264.6329
2825,729.03229,239.7782
2826,782.76867,246.14833
2827,818.84787,206.32357
2828,676.92411,205.61247
2829,754.06571,249.67489
2830,715.19011,200.00003
2831,766.2629,149.90905
2832,724.0848,266.49485
2833,741.2157,263.36866
2834,774.24569,13.65999
2835,900.89911,-133.19157
2836,721.07481,251.66722
2837,680.50255,213.86043
2838,894.84784,209.6389
2839,729.44807,281.08
2840,672.90448,162.1397
2841,941.77095,182.14103
2842,780.62164,80.04101
2843,487.4978,25.5678
2844,895.34028,-37.97855
2845,499.15359,46.0446
2846,810.81132,213.5607
2847,795.90371,222.33212
2848,846.9064,-91.8539
2849,777.69896,115.51127
2850,501.12729,34.68982
2851,851.1839,238.21079
2852,830.7649,151.7291
2853,871.3258,254.97132
2854,871.60196,-92.13272
2855,751.05436,42.96973
2856,834.1258,22.95325
2857,617.43585,33.25808
2858,727.39758,203.87884
2859,676.63775,147.68041
2860,792.09569,183.68127
2861,813.05619,183.27986
2862,469.11478,11.50891
2863,820.59429,148.7645
2864,920.11428,222.03225
2865,858.59305,252.69357
2866,853.64525,-74.77605
2867,821.35356,238.70563
2868,749.00276,100.58082
2869,836.06672,-56.65306
2870,629.07363,131.8024
2871,675.45959,129.6373
2872,679.37689,190.23315
2873,900.29031,-5.53788
2874,815.84069,156.09375
2875,683.14396,638.20672
2876,948.94147,178.76759
2877,754.13592,167.51306
2878,784.63673,56.19031
2879,696.76838,243.70417
2880,501.45984,30.55498
2881,753.86688,229.65171
2882,796.799,217.05273
2883,726.86527,164.09402
2884,748.86529,251.23804
2885,936.18861,22.19302
2886,806.77682,128.14913
2887,730.98266,-30.85138
2888,768.18415,209.81498
2889,739.1445,278.19077
2890,685.64766,241.82457
2891,824.67766,191.74432
2892,1024.81912,180.84103
2893,848.0329,-85.39383
2894,769.96164,111.79374
2895,915.37472,-113.67793
2896,731.96242,227.32501
2897,640.39549,204.27463
2898,723.80113,108.41301
2899,787.97648,219.65487
2900,837.0141,-31.04862
2901,866.96263,107.93889
2902,759.35487,-25.21618
2903,465.93435,3.99942
2904,923.60599,37.60571
2905,757.57477,164.51044
2906,777.50636,111.64217
2907,963.6101,178.93288
2908,756.43333,163.16309
2909,729.81785,224.15742
2910,835.79404,15.54301
2911,789.77642,206.75657
2912,888.33991,32.06387
2913,906.49681,-42.33432
2914,942.15458,230.15148
2915,783.20976,89.13245
2916,780.8625,210.42691
2917,708.40474,253.95687
2918,685.2771,252.91323
2919,739.88397,205.62155
2920,800.97417,264.47084
2921,756.17948,13.87186
2922,876.26443,266.78227
2923,722.54706,175.08793
2924,856.48052,-58.55265
2925,915.09069,219.54504
2926,879.05636,-103.87578
2927,759.27534,135.92023
2928,880.45548,-81.82685
2929,859.74067,215.29354
2930,831.716,118.35632
2931,761.00238,265.40692
2932,896.47639,-112.3363
2933,709.10775,151.29441
2934,721.02545,246.29596
2935,765.44676,142.53272
2936,823.17099,-22.54435
2937,799.97968,144.07432
2938,770.68059,186.05926
2939,538.6555,54.90825
2940,512.83397,44.45353
2941,670.61063,234.21811
2942,726.53692,138.02378
2943,964.57855,200.19285
2944,664.55892,203.10968
2945,773.58515,167.52571
2946,795.79714,203.62783
2947,919.90675,-75.56767
2948,796.60217,200.7366
2949,924.75194,-45.5489
2950,675.11689,248.78601
2951,774.8193,156.31212
2952,841.16242,162.97183
2953,791.33102,21.37725
2954,934.2546,-64.35159
2955,731.69809,181.80248
2956,777.39336,11.43274
2957,759.1537,-0.70592
2958,821.1149,130.54813
2959,655.46644,65.16917
2960,768.10763,108.81487
2961,875.54965,262.24914
2962,752.27042,190.58075
2963,802.19431,231.22579
2964,723.51095,223.05599
2965,744.78154,161.53188
2966,734.91347,219.59495
2967,921.7887,-93.8737
2968,789.45287,61.78805
2969,769.08749,195.35872
2970,771.57867,208.84904
2971,768.84249,235.69368
2972,752.71861,144.72324
2973,885.71122,-116.43075
2974,752.43994,252.28419
2975,883.9241,252.98685
2976,815.26699,252.48555
2977,880.43196,-57.09964
2978,771.75035,80.35623
2979,940.17517,254.96428
2980,902.83666,-114.34092
2981,915.23926,-116.54067
2982,817.89222,204.18842
2983,792.23985,282.98736
2984,907.98496,-104.70422
2985,772.89459,217.66381
2986,552.20974,65.11831
2987,836.02169,139.05009
2988,698.522,238.56456
2989,723.66764,258.10986
2990,816.20266,133.07342
2991,974.2748,203.22331
2992,933.67302,228.36926
2993,489.38494,40.39824
2994,757.00672,81.59287
2995,878.63352,-128.76885
2996,825.99315,248.62966
2997,721.90422,213.10143
2998,745.14074,236.80542
2999,922.46675,187.70009
3000,621.90555,198.13678
3001,829.47685,104.1463
3002,500.27861,22.88142
3003,862.58195,-82.50402
3004,561.3949,103.60788
3005,536.42478,80.14306
3006,698.03222,210.32607
3007,730.28079,149.24926
3008,757.68997,218.51217
3009,871.04876,-85.68546
3010,772.2107,123.97764
3011,764.33934,158.48657
3012,897.102,58.27103
3013,832.09038,-29.10508
3014,736.38461,70.17839
3015,830.48075,206.82568
3016,715.2102,152.27865
3017,467.66764,-22.30696
3018,876.11236,-66.13505
3019,921.96742,-81.30876
3020,864.19339,258.59569
3021,577.42011,79.36158
3022,672.87411,211.24663
3023,492.72095,38.59017
3024,495.83032,42.08366
3025,908.53513,-128.51288
3026,773.47458,243.4594
3027,940.56896,223.79473
3028,796.83775,167.06604
3029,730.87444,175.16966
3030,499.65651,29.42867
3031,762.83032,228.09569
3032,720.67211,218.60157
3033,874.93587,245.91243
3034,569.43922,130.70059
3035,658.58984,73.71996
3036,785.51695,244.33668
3037,584.18138,138.21648
3038,730.23686,159.12277
3039,848.89983,-103.50733
3040,583.62971,141.47897
3041,708.23746,216.94196
3042,831.72102,162.16738
3043,838.27201,-40.30741
3044,715.47546,177.28388
3045,783.19809,197.95219
3046,750.38269,246.26329
3047,743.23614,71.74338
3048,767.32967,90.20333
3049,1009.72457,223.15605
3050,771.65375,214.19778
3051,770.92168,93.84805
3052,776.20751,122.5918
3053,842.36956,-55.15765
3054,883.03401,237.31661
3055,863.83351,-88.19493
3056,943.77191,-38.86094
3057,722.52106,279.11989
3058,703.5462,158.35123
3059,778.42006,186.61848
3060,743.20136,114.09093
3061,743.90482,18.93777
3062,940.21068,-56.33191
3063,765.69812,251.63767
3064,892.37072,-85.0079
3065,752.03731,177.86497
3066,655.98268,109.41367
3067,694.74587,225.5717
3068,690.70736,112.9473
3069,804.43693,232.01469
3070,674.73466,31.42642
3071,927.47421,16.82548
3072,890.61148,-126.68131
3073,818.88459,-17.18573
3074,782.77156,149.17547
3075,678.52625,155.1635
3076,812.12765,189.07448
3077,787.89779,214.05055
3078,566.0566,113.12976
3079,837.92062,250.69078
3080,753.69916,92.71226
3081,813.83609,29.30713
3082,811.07878,211.03364
3083,801.96539,200.06918
3084,846.22089,-63.02495
3085,754.56126,192.61498
3086,786.80552,264.49213
3087,745.46656,203.93925
3088,807.16111,184.1493
3089,713.97274,210.97317
3090,895.78603,-15.3665
3091,724.61264,205.43816
3092,767.7292,236.61191
3093,913.47041,-77.02366
3094,703.82607,211.20029
3095,696.33875,149.25791
3096,641.05512,223.10261
3097,529.18905,21.69955
3098,797.35754,256.36141
3099,892.67292,-94.79764
3100,819.21554,246.62059
3101,752.07112,224.27823
3102,742.53199,213.21916
3103,883.74064,-69.4262
3104,730.07561,177.35232
3105,925.33971,183.43703
3106,730.81659,157.78372
3107,858.70009,-79.70363
3108,840.40147,-51.0388
3109,860.67028,-94.2251
3110,735.32556,181.56659
3111,775.3594,204.84723
3112,769.49101,238.5467
3113,737.89353,222.18456
3114,741.14822,224.76554
3115,805.6697,234.22553
3116,898.97138,-107.83294
3117,863.78063,-67.09088
3118,894.52909,113.72412
3119,877.78987,-107.67504
3120,713.08172,212.68713
3121,796.60654,165.99153
3122,870.79171,-84.38715
3123,845.54323,155.32155
3124,853.02453,-70.17106
3125,723.58047,240.39642
3126,755.88119,49.69399
3127,982.608,5.02352
3128,677.29344,597.67874
3129,704.35,138.74026
3130,524.0157,67.83449
3131,728.80134,194.30723
3132,711.59625,221.91943
3133,765.84941,235.01213
3134,906.12655,-81.56061
3135,787.93827,67.247
3136,847.68597,-49.14121
3137,852.61577,120.336
3138,756.11759,41.80497
3139,980.63006,174.00855
3140,796.36717,218.98355
3141,732.75933,216.00265
3142,735.27307,230.33922
3143,710.99373,224.50888
3144,840.76951,-12.10931
3145,580.54633,136.1506
3146,908.30502,-122.44023
3147,785.57418,178.52575
3148,759.65233,167.34807
3149,728.50139,175.09732
3150,788.77609,258.40259
3151,753.1887,-85.63657
3152,980.4696,213.61982
3153,770.03987,211.12284
3154,740.13919,278.75017
3155,773.2728,197.81749
3156,735.54153,247.54029
3157,826.5029,113.46802
3158,604.42915,142.41979
3159,906.08472,-131.02721
3160,821.98059,-17.14527
3161,566.3137,122.52154
3162,800.66542,157.1826
3163,920.82374,224.6701
3164,807.27221,202.97401
3165,929.44125,-42.4187
3166,746.27102,144.54258
3167,502.26389,50.22854
3168,662.4283,37.13214
3169,668.72358,223.95631
3170,861.78433,-92.56544
3171,767.83819,190.62673
3172,722.38283,191.47774
3173,501.92576,45.86063
3174,601.61639,159.5415
3175,812.63475,251.76841
3176,800.50674,77.28595
3177,810.8902,156.05336
3178,733.41478,150.11271
3179,481.71268,32.60467
3180,745.4549,198.80773
3181,735.48449,171.74452
3182,830.693,197.67703
3183,810.05356,185.11365
3184,982.3423,177.8065
3185,568.46435,53.73658
3186,733.11368,-1.74326
3187,752.082,109.45111
3188,901.01713,-123.02137
3189,897.25564,-101.39522
3190,852.99536,266.97495
3191,785.40567,175.0138
3192,704.60324,213.87354
3193,747.36305,64.69569
3194,864.1484,281.16093
3195,791.13733,193.96413
3196,676.38447,190.62265
3197,809.72221,235.89185
3198,495.77579,25.63923
3199,706.68086,189.33602
3200,761.76549,224.76824
3201,897.28538,137.53436
3202,913.43762,-124.88021
3203,683.50039,633.38333
3204,712.20139,145.23132
3205,770.93125,-13.01867
3206,695.68741,251.78178
3207,703.26421,113.55059
3208,920.29729,-48.61513
3209,497.94212,25.96631
3210,771.89573,212.44473
3211,869.00415,-97.61986
3212,690.31846,136.05842
3213,903.99128,-90.30951
3214,774.44682,231.32765
3215,639.50164,206.34792
3216,865.2742,-82.95775
3217,671.25589,131.56121
3218,925.21483,242.16534
3219,829.11377,236.59558
3220,833.52986,252.45767
3221,729.87127,209.91379
3222,882.70801,-97.03635
3223,726.38423,-5.4167
3224,746.67252,185.85821
3225,783.91058,208.81367
3226,623.34431,157.72582
3227,465.38089,-25.37939
3228,741.80372,192.16035
3229,537.95733,74.57375
3230,802.64168,147.71058
3231,862.60124,-75.99836
3232,748.84227,133.02954
3233,824.19013,-34.40806
3234,748.90592,182.35251
3235,755.0023,269.39082
3236,757.90836,177.39221
3237,813.72957,84.64818
3238,887.30271,-69.476
3239,769.15259,231.84661
3240,693.78976,191.96155
3241,457.36536,-8.72207
3242,893.39524,34.9032
3243,614.77816,173.82851
3244,874.03657,-66.14936
3245,734.98083,184.6417
3246,708.66798,243.00535
3247,915.57373,-56.25184
3248,738.37048,251.34095
3249,736.09567,177.40942
3250,765.39617,200.45454
3251,772.09549,179.75548
