6.0256405,12.845644
5.5309534,12.425194
11.136238,12.770126
11.967269,15.490747
9.612881,16.0707
8.956218,17.186079
8.555169,16.055584
8.502601,16.478476
9.635048,16.990437
9.06242,14.989618
12.983027,7.484753
12.08219,13.477486
8.015347,14.766922
10.701532,14.600267
11.804083,14.798003
8.686025,16.588612
8.747018,13.82515
-0.3541765,6.062516
7.703498,15.1985
10.860586,15.474797
11.112795,12.78957
9.779751,13.031229
-0.6939213,3.1591609
-0.8144368,5.437753
12.391093,15.253188
11.204973,15.692122
9.758348,15.937399
7.4846253,3.98517
10.749743,15.175793
11.528012,17.250523
-0.38069776,3.5124226
7.9004645,16.046629
5.5554705,12.699183
7.120006,2.0118334
10.523759,15.210272
12.727286,6.820896
12.231583,6.545891
6.199631,11.851442
9.117712,16.305294
8.866014,3.317058
9.860907,15.083406
9.632062,15.977829
11.653054,12.829594
8.436082,13.352702
10.212388,12.088242
10.49991,14.158243
5.9620485,12.769011
8.76283,14.015619
8.202076,15.977335
9.012039,14.09656
8.146655,3.2917426
8.710982,2.5076783
-0.2740775,3.4110715
7.148063,12.191286
10.031008,13.475273
7.9727254,2.4527462
11.592093,14.110958
11.774674,15.384229
11.802187,7.874181
10.965793,13.755101
0.0005629127,3.6626937
11.02928,16.792349
9.111847,13.13708
12.460752,7.64306
11.95379,6.6539054
-0.4451705,3.499666
7.3653946,2.1108131
9.213654,14.232342
1.2634985,3.9337077
0.2153118,2.64684
11.91745,16.719814
7.796718,4.3299837
10.021244,13.150142
0.38394257,3.3385162
10.491536,17.06014
6.2201667,12.069977
10.27469,12.348372
11.294571,16.390455
4.953823,10.857833
8.601515,14.653283
10.226158,16.160955
10.01409,15.023037
8.46668,1.2594283
8.800386,17.36979
10.83352,17.5391
5.154116,12.00229
0.009818915,2.954748
10.101295,13.800036
8.677678,1.7377008
9.736284,15.850181
8.728422,15.694731
8.0429535,15.905433
9.1591215,14.6646385
12.461463,16.087725
9.004491,13.67583
7.196044,2.524832
9.261016,14.719493
0.8719661,3.2037528
5.5678988,11.32591
10.947587,15.436969
10.2464,14.722906
12.157819,14.878213
0.588005,3.505792
9.557058,17.591366
11.184685,13.69907
8.702014,14.111221
8.649085,2.2721412
8.677636,15.7276945
8.942654,16.349468
9.409965,15.194754
10.401563,13.951488
7.3762665,1.8643929
7.8974323,1.9575831
8.436347,15.449708
7.926547,3.8065286
12.502723,7.776418
9.298609,15.19867
11.802786,17.277205
10.029741,14.360471
8.227788,3.2136128
10.6961155,15.058071
7.765286,15.605622
10.129312,16.461006
12.8599825,7.3901024
7.57891,1.6876111
8.55927,2.3177257
8.182855,13.481114
0.18380003,2.9512355
11.459705,12.398652
9.3708515,13.6743555
9.079431,15.476603
8.323408,1.3275003
5.90823,12.390603
0.63326335,3.615112
0.5771655,3.0186172
5.1298914,11.609786
10.390316,14.322541
10.839869,11.499715
8.398754,16.69499
7.6439176,3.3294296
-0.5012845,3.4138076
6.039778,11.626239
7.7902236,2.875534
-0.429777,5.0733843
8.344902,2.459476
10.29643,12.509036
-0.29772505,4.846481
11.050064,14.60135
12.447125,6.2484465
9.041882,16.318241
10.39169,16.62115
8.12354,15.003027
8.880439,1.7083335
10.861127,13.042842
9.465623,15.672416
8.807802,2.9193723
11.470485,15.749102
12.115072,14.143567
8.963714,13.196149
5.9384904,12.394488
12.532866,6.771321
12.245889,14.717871
12.122577,15.201324
11.500853,14.33893
9.291061,14.20041
9.589125,14.427949
9.3070135,15.157224
9.673905,15.5137615
8.7065735,16.048437
7.723482,2.219105
8.457346,1.4414177
7.4790606,3.8895216
8.350566,15.202611
7.596931,1.4740402
5.1363974,11.154173
10.086506,16.379345
8.2919035,16.133966
0.7851646,2.4789143
10.833091,15.911517
9.003891,15.217821
7.5705533,15.448123
7.743687,12.405135
8.001901,14.595838
7.3513355,3.6630688
8.846756,14.329446
4.875979,11.325763
10.269409,14.747333
7.867581,13.945184
10.796289,14.614632
0.45676035,2.5808885
12.9321165,7.476443
-0.20945197,5.502588
0.26909006,5.2332134
5.909957,11.961715
11.980967,7.9233875
8.9770975,15.79794
5.71472,12.874745
11.207914,17.254686
6.100332,11.890033
12.774142,7.703733
8.1367,15.612272
10.873473,12.946171
10.485532,15.973971
8.527829,13.058653
12.485008,15.50001
12.058057,14.624192
7.9354615,14.761415
11.159721,15.024008
10.042014,16.104511
-0.31368005,3.204539
8.2528105,16.77042
10.586691,16.34595
11.636117,16.192896
10.416243,15.536142
8.421073,3.0231986
8.768494,2.526242
8.512571,2.349107
11.434256,7.114168
6.908007,3.0711408
4.7064977,10.974554
10.402983,15.770573
7.1367307,13.183694
7.496756,2.1021678
11.416036,10.404664
11.5326805,16.775864
7.8316016,15.681594
9.821416,15.4842005
8.925097,14.561788
8.690426,16.205072
10.801121,14.241765
11.153331,16.954845
12.426357,14.737684
10.420977,14.540638
6.4579954,13.252989
5.938568,11.477962
9.098259,17.320448
10.124653,15.539877
11.681774,16.37349
7.690995,15.157918
6.71519,13.310604
-0.48340905,3.6069362
10.45105,12.305032
10.564688,17.387333
0.20925495,2.3022406
8.878983,14.806856
10.890857,16.4074
7.760563,3.2093399
12.489053,14.540001
8.576693,15.40013
11.648858,9.706863
11.490866,6.8417196
10.387927,12.0356455
10.554102,14.879916
8.974059,14.250828
7.6309075,3.1090891
8.507572,2.5442908
12.707209,7.107095
8.691674,14.569587
6.522974,11.527333
7.4801216,3.0538325
8.474346,15.966605
9.0784235,13.551833
11.045586,16.01617
-0.76117843,5.675073
9.694234,12.6003065
10.662916,16.952002
10.539817,16.792631
10.780683,15.0453615
8.25977,14.40199
8.206105,12.768793
7.8559537,4.093657
10.598088,17.362549
7.395778,1.9997503
11.264004,17.423506
11.317286,15.242276
12.7345495,7.2497725
10.575245,15.214962
-0.5597993,2.593724
11.673037,6.958501
12.165708,7.737427
9.472985,17.204906
7.000297,13.298071
11.7786665,13.032955
10.028944,15.308622
11.847471,14.322833
11.491654,17.010227
11.130526,13.295542
-0.8684336,2.8326604
8.042014,14.95665
11.65347,15.731564
0.29394954,2.5309865
10.716336,14.996346
10.254114,16.73941
12.319382,16.364471
7.6923227,1.1657568
7.693179,2.601553
8.381631,2.1189163
4.8913083,10.977593
8.641604,14.526811
12.14205,6.784176
8.23979,14.783261
11.039854,11.958472
12.211566,7.5499134
11.001762,17.409212
8.405491,2.0673096
-1.1797081,5.9599
-1.0255277,6.226876
7.885591,2.1142735
9.799328,13.260183
0.71597034,2.956276
-0.60562027,3.2666438
11.561901,12.74759
11.4422455,14.862559
5.0714917,11.822348
-0.3697926,2.7785761
8.598345,3.5372488
11.355769,13.575653
10.799042,17.558834
-0.23634893,5.5954456
-0.29050204,3.2779703
5.3092737,12.29487
9.324486,16.851439
10.108079,15.76217
10.878168,11.563157
6.787849,12.5488825
4.9158115,11.430214
10.579647,14.105281
4.9914527,11.214058
7.854437,0.81432325
-0.010298957,5.067567
11.513579,15.961747
12.031836,16.09403
9.971372,16.311901
10.407587,13.11581
6.1584444,11.683694
11.032557,15.054433
12.0502405,15.782903
7.792284,15.686732
12.175877,15.730942
9.370087,14.599664
10.780192,17.027956
10.043552,16.80239
8.280197,15.183841
8.045544,3.814792
11.777555,13.817792
7.31668,13.689103
12.246923,15.689144
11.516332,15.936511
11.701074,9.776868
10.146219,17.518131
8.226871,16.19782
9.341226,16.969997
11.571587,14.270258
0.60951596,2.8822637
9.906221,16.645433
-0.08617443,3.0702965
11.807928,13.190178
9.257192,16.91852
9.61704,15.000128
7.802719,3.5662274
8.3859,3.3165472
10.899103,15.806103
7.8701277,3.6973827
10.550966,16.58379
9.693757,16.462881
0.09878728,3.1306794
4.9516444,11.379334
8.563267,2.586035
7.959906,4.0107427
-0.17464256,3.4672601
12.172433,15.881103
8.369327,15.6403475
9.518921,17.273872
10.406802,13.552588
6.3165936,12.1292715
10.695583,16.7222
-0.8129696,4.8644624
8.320481,15.622869
11.356732,10.4282055
11.628358,15.440554
11.929233,14.935077
8.473092,1.6653804
8.573832,13.5048
8.147748,2.2257257
11.401282,15.043247
7.1809635,1.0716546
10.85838,13.97814
6.6815014,12.19501
12.28883,6.9102135
12.769784,6.969331
10.7790785,14.4100895
10.731623,16.365662
8.763841,17.233303
8.9006605,2.4817252
8.562737,2.0798714
9.460341,13.729217
12.55484,7.7391815
10.401151,15.364469
8.944172,15.927974
6.5633245,12.073444
8.821518,15.960874
9.023383,2.3159924
12.336693,16.691141
9.579986,17.3926
11.773264,6.759644
6.9675145,2.9191418
12.46536,16.36292
11.820304,14.674898
11.645069,12.766603
9.718414,13.661608
12.474424,15.893244
9.666872,16.620546
6.2295365,11.654868
8.448311,3.7852361
0.17612685,4.961401
0.36816326,5.2261853
10.639389,15.812163
7.8926973,15.623776
11.059964,15.309517
10.119696,16.905605
12.613369,16.249361
9.502449,13.99816
12.874245,6.86912
10.293623,13.481837
12.9321785,6.358335
6.9087167,3.0344539
8.633615,2.3908393
12.038749,7.808226
7.4454913,1.3155098
10.867024,16.740295
9.377683,12.674397
12.083016,15.804556
5.879739,11.822408
10.975482,16.75966
8.216973,2.6001787
7.102837,1.6208607
11.394019,10.745459
0.81972796,3.422085
-0.37113747,2.6710517
8.78671,2.782934
11.6955595,13.98229
12.239438,15.723382
5.0692105,10.848344
12.450798,7.919049
10.916863,13.433011
10.613077,12.9744
-0.3537096,2.7260869
9.016093,17.003616
9.518459,16.627836
12.076119,15.976454
10.627786,17.616934
8.180482,16.125017
7.982487,2.5720384
9.858902,14.956131
12.328349,15.467233
11.376795,14.862671
11.222738,7.057458
8.2647085,2.6388478
9.150899,14.673793
10.428119,12.914294
8.601617,16.717335
7.510873,2.8083158
7.701628,13.972598
11.057561,13.48942
9.851333,15.367837
9.408199,15.508261
12.215566,16.356182
9.952964,15.733857
0.34634608,5.197596
7.5356817,1.3589244
7.2304225,1.288424
-0.80722004,5.71277
9.553703,17.252743
10.736325,17.397495
10.61705,17.217075
9.113696,14.043668
-0.43203652,2.8021307
12.559281,7.320277
12.092279,7.601042
5.345584,12.06629
11.224662,14.52302
10.63034,13.982554
10.26032,13.87472
11.283495,10.412309
8.979325,13.1328125
9.508995,15.82502
8.611668,3.227388
5.9570017,12.86735
10.5925665,12.407919
8.7859125,13.600669
4.9609995,11.562995
9.194973,13.814921
12.046991,7.6182895
8.116153,13.8262
8.302727,1.9119214
10.727155,17.275732
12.215472,6.291568
9.626341,15.676298
11.773294,15.711401
-0.99250793,2.8252518
12.99546,6.4512577
-0.013172987,3.204706
11.77304,6.530799
8.893367,16.350813
11.506173,14.784463
11.420401,14.82655
8.424005,1.7941841
11.2781105,13.7136135
7.75368,14.555818
11.687991,13.0362015
8.34946,17.064793
-0.93386286,3.0466712
11.677232,15.078211
9.459124,12.936888
10.722372,17.873644
10.869672,13.944864
6.5631394,11.357305
8.425865,13.809163
8.0129385,15.516795
5.9746532,11.764201
9.827767,14.907193
7.033174,12.7033415
11.045614,12.650774
10.088292,14.535288
10.8914795,15.986761
7.844513,2.9503503
8.223032,17.050459
10.831918,16.314713
11.092183,16.528605
10.743874,16.78976
11.217819,16.610859
11.342333,7.827171
8.318422,2.3670814
8.4774065,0.9845868
-0.19704139,4.255998
7.2678394,3.6357963
12.092905,14.820706
11.762908,14.010434
8.465406,3.709736
9.467708,16.443499
8.31129,16.54388
12.522973,15.299837
12.763789,6.960411
12.301862,14.910653
10.509568,15.867157
10.543368,15.854645
9.000948,13.373238
11.041753,16.772486
10.503938,12.385693
9.364438,13.671547
11.12228,14.763348
6.8894935,11.670783
5.619401,12.576385
11.75501,15.372327
12.40495,14.557457
12.237864,6.2492294
11.353939,15.656262
-0.67667204,5.4216914
5.665432,11.442074
8.640544,17.203693
11.054781,10.980926
-0.48589507,5.962621
7.9092655,16.615944
8.019295,13.032831
8.04117,14.079181
9.513376,13.325551
12.635509,15.395766
10.685897,16.977324
11.124505,11.106161
8.921016,16.605751
9.663498,12.471714
12.14771,6.1744576
11.946741,7.119403
9.607985,15.476591
11.229239,13.5233965
11.111278,12.966423
9.0622015,15.665071
8.38871,14.622973
11.434475,14.071277
12.144874,15.092862
8.699638,15.09716
7.9954243,2.7206914
8.2565,2.6093469
8.232917,2.764468
11.093152,12.076455
12.116958,7.982279
7.8896284,2.1445515
9.438442,17.383623
6.3824058,11.587659
0.5744271,2.680763
7.648552,3.5220106
12.321832,8.094973
5.5417075,11.329985
11.0853815,11.385263
-0.51588935,5.3095365
10.406647,17.334457
8.402436,14.195042
7.7515316,15.431339
9.848806,13.493836
8.531732,1.9114287
8.610662,15.285352
7.8500824,14.776928
9.500808,15.926791
11.603341,6.967044
7.9837956,15.068524
8.912916,1.8415732
9.54122,16.54195
10.111058,13.425011
12.653231,6.259878
9.623245,13.391967
11.241379,17.245558
13.018131,6.550536
8.478935,0.9914504
7.641962,1.5508821
8.277732,2.8503525
8.474823,15.06771
9.858222,16.008295
6.035633,12.520414
9.968713,16.462925
7.9445786,3.3024511
0.027696325,5.6846995
10.620233,16.123169
11.231491,16.37022
7.0778003,12.592212
8.254212,1.4398447
7.01662,2.6358435
8.017561,1.6333381
-0.7343528,6.0955257
9.530079,16.878868
10.500939,14.600803
10.7772045,16.495876
6.057406,12.139708
8.359771,13.803089
12.1231165,14.390023
-0.7797146,5.3525906
7.7950277,1.9360965
8.057046,2.5491815
11.519764,16.700268
11.851011,14.352634
9.892724,15.100792
7.0396905,2.6043594
8.604216,16.86739
9.074712,17.133778
9.934415,13.908425
0.18406299,2.6421578
9.913273,16.761572
9.650335,13.495877
-0.41043705,5.626086
10.144235,16.46413
10.430328,15.898516
0.27871048,5.5029373
9.946479,16.141796
10.860718,15.948217
10.352883,13.278945
7.698314,1.6260506
10.90286,13.608691
10.788295,14.890599
11.058619,10.878812
11.463735,7.007179
7.926358,15.909636
8.333529,16.604403
12.358781,7.8017697
9.040628,13.742181
9.874202,15.193651
7.520616,0.80531716
11.638344,13.4898615
8.728713,16.113483
9.812207,14.168566
12.152208,14.782519
10.060368,17.484346
8.021152,14.783644
10.142913,16.607061
12.697342,7.107278
11.125736,14.906717
9.640512,17.666704
6.3544583,12.045164
5.154823,11.341981
9.223662,15.748819
7.8912745,4.5583367
9.788494,15.528263
8.996792,2.1696873
11.243176,14.994986
11.589956,15.308942
9.167405,16.641203
8.775949,13.695563
9.411975,15.801091
9.96121,14.040273
5.4578366,11.585977
8.308957,15.918978
10.057506,16.679752
12.062618,7.376443
9.673108,16.7438
8.300267,2.8722894
11.4184,16.007069
-0.11658714,5.1468077
8.349616,14.050504
10.251053,14.808386
7.7642426,15.882977
11.810517,13.774849
11.827759,12.55987
10.181153,14.864968
11.8272295,13.408113
9.345833,12.940324
12.126912,13.477146
7.9627843,1.3684164
10.856703,16.679953
8.586691,14.581623
8.311205,1.1914984
11.155499,16.084217
6.387136,11.667288
10.528037,15.5568075
7.226892,2.605158
6.238184,12.855835
11.14854,13.743068
12.527298,14.472403
8.103821,16.422604
11.775293,7.2012897
12.3375845,14.688565
8.506235,3.2024844
9.21323,15.3035345
1.2129692,3.5461495
6.1176972,13.062406
5.2285914,12.253635
-0.70022243,2.8116872
12.925278,6.9830313
6.7563186,12.61443
7.343157,2.7076228
8.065183,14.272198
5.910462,11.882254
6.5915704,12.529721
10.850713,15.795165
9.076065,16.549803
9.6384945,17.2377
10.453759,14.488372
8.664484,2.3579984
7.8003016,1.7976054
8.338194,14.834654
9.563773,15.9376545
10.867682,15.662688
10.929747,11.845433
11.417826,15.69567
10.6893,15.666602
7.088036,3.752742
7.5512967,15.232922
10.331472,13.896024
10.80431,13.073131
8.875943,13.854918
7.9244313,14.189277
12.083617,6.550226
8.221529,1.2922144
1.3297615,3.3839912
7.691476,1.8644894
9.915448,14.300493
10.323295,17.828793
9.258607,16.217167
10.720765,16.660273
5.0922747,11.850681
11.717398,15.93595
12.18523,7.2623134
10.462379,12.522707
11.128736,12.63638
12.013967,13.821156
12.3144455,16.269728
9.997461,15.439567
10.5432625,17.249018
11.233983,14.19552
10.829581,16.439913
11.179723,15.901653
10.536526,14.910646
10.665407,16.976849
8.31074,3.6257932
5.477294,12.527743
7.770153,1.4907835
8.836248,12.541566
12.742709,7.259968
12.984875,7.6552696
5.6999316,12.532073
5.1152534,11.288574
12.026797,6.907015
-0.8872709,5.5472364
10.964048,15.658832
7.744467,2.5397706
9.894889,14.791597
11.454623,15.099258
11.383821,14.905081
-0.02241682,5.91096
11.848305,10.21803
0.9729878,2.929337
9.840784,15.4270735
8.928748,14.966907
12.950458,14.880899
11.053568,16.450268
6.4028387,11.136082
7.410526,1.9079258
9.33061,17.073723
9.464128,17.882668
10.89772,13.646522
11.392941,16.46977
12.363598,16.061031
-0.101126015,2.7881947
7.76004,15.195329
10.032937,13.962234
12.728364,15.714396
11.988355,14.648166
10.198508,16.004887
10.674154,14.890446
8.029797,3.8474452
10.015902,17.196178
8.403411,2.3236911
0.3625985,2.7897968
5.2620068,11.618563
7.294682,2.0767019
5.268086,12.163828
12.399136,15.703264
8.94315,15.291438
10.779639,16.155045
8.552938,2.5208964
10.536623,14.166702
8.145196,3.1169677
8.6832285,1.5884682
9.249131,15.942688
11.447004,14.974205
11.630738,17.313261
6.5650406,11.7307005
8.2328005,1.2678918
-0.8797551,6.4122524
-0.37958595,5.060606
7.1468225,1.7404563
10.209632,13.659755
8.880192,15.670637
7.4033394,3.6244543
10.845984,13.750743
8.059144,15.8505335
7.296524,1.4955726
5.482403,11.759432
7.9171844,2.492018
8.311467,13.233007
7.0347834,12.751723
12.759934,15.091759
8.420904,1.5100675
8.694378,1.724989
10.255524,16.83613
11.710292,9.654674
8.746313,16.885786
9.437076,13.5984745
10.551725,15.210976
10.041763,13.586765
8.338745,14.885175
7.706199,1.3059345
10.778238,16.310194
8.801379,2.6351094
6.571394,12.629433
-0.724278,6.293416
0.29595947,3.0784156
8.265094,1.619385
10.4999695,13.858192
9.364418,16.41091
6.069946,12.486623
8.962027,16.758608
8.097071,15.418532
9.474675,16.934912
9.911943,13.1139965
8.789349,15.551172
9.622533,16.32682
11.371523,15.035788
8.011441,15.172808
8.208168,16.313295
9.308323,16.183481
12.108107,14.051624
-0.88846374,3.0354886
11.650672,13.586201
7.658668,2.9148567
11.6574745,13.5807295
7.269456,2.836218
10.427655,14.946806
7.097802,1.519146
9.845684,17.578112
11.668797,15.56265
8.511158,16.88813
12.1186,17.176388
11.548428,17.144402
10.747562,16.700535
10.866682,16.72777
10.956466,13.256579
9.5354,13.190655
10.95419,12.446659
-1.1878691,5.214809
11.173811,17.669704
10.667807,12.924404
6.5888453,12.925012
-0.19026679,2.7560263
8.819677,17.076958
9.776188,14.957968
9.982404,14.573077
7.982655,16.487133
11.268463,15.035238
7.6547723,3.921133
-0.5700526,5.110344
10.521895,12.997538
7.8300776,1.6682247
8.9784,14.345605
6.716302,13.393703
11.020749,15.471911
11.656912,6.362007
9.586491,14.760082
8.335495,14.311715
5.524709,11.180325
11.991981,15.531115
7.2967834,1.9654555
11.455216,15.029157
7.965332,4.1689053
12.105068,15.942941
10.168419,14.6598835
12.527265,6.4324064
10.893108,15.221975
5.7927575,11.355648
9.65508,13.69437
8.451327,3.9094274
11.058611,11.029825
7.8637986,15.997578
10.149254,15.539701
11.96939,17.588202
10.749924,12.988965
12.253026,7.2852054
11.680077,6.6535378
12.178311,14.460488
10.747806,14.135758
10.671166,14.093769
10.30081,13.175173
12.705602,7.412602
11.477398,14.361109
11.956259,7.8571353
9.889984,16.68499
10.497232,17.040869
9.947517,16.6718
12.653176,15.920384
12.878117,7.50459
11.159393,16.98183
-0.28852618,3.3491998
8.46147,16.490932
11.372528,10.407694
10.694006,14.091943
11.611662,14.942651
11.885898,14.663091
10.913077,17.278275
7.4082947,12.962208
9.835755,16.706518
12.704291,7.435058
8.519223,2.6526382
-0.7940016,5.159517
11.696682,15.781484
0.069187045,5.9752994
10.824884,13.536777
-0.24140024,3.709826
8.140485,14.514392
7.351464,1.8468978
10.086197,17.172007
11.271976,12.833701
11.944875,7.0165353
12.748684,15.345006
9.097529,16.748438
11.942491,15.63244
12.019475,7.78034
12.149312,15.146074
-0.13435398,2.7681708
12.40128,7.082876
11.577626,16.043388
5.932495,11.725909
7.2752004,13.597272
7.979299,14.403763
7.77857,4.009268
9.984912,15.269419
8.161059,15.83972
12.258066,6.1832714
-0.5443406,5.1530194
6.4215107,12.979113
11.502261,13.130409
12.646303,14.139619
12.094936,6.556355
8.550258,3.4528413
9.518946,15.696053
11.410509,6.7768116
10.707473,13.463088
8.792336,16.97346
10.270659,16.798609
8.903918,13.693801
7.794908,0.86377156
8.932721,14.57078
0.46578053,2.6265247
10.971666,17.294485
8.8085785,16.60972
7.931111,15.574291
11.139481,16.53647
-0.1985795,3.1894603
8.447267,15.291865
-0.82860184,5.3223042
12.327311,6.873583
9.144804,13.871667
6.4900274,12.069991
12.101779,14.718691
8.789909,14.717904
9.032361,15.513341
9.318809,15.868534
13.014044,6.721913
7.4063344,13.569747
7.9505816,1.451946
7.62748,1.8306694
-0.52880436,3.363517
0.008026599,6.155386
8.22835,15.114503
-0.6164069,3.8240407
8.957481,16.41354
12.365104,6.4230614
5.8539653,12.32218
10.382962,17.042002
9.943481,14.143883
11.73613,10.245387
6.474752,12.167938
10.706085,15.250736
10.740921,12.305228
10.907971,17.477924
-0.44177815,5.4825478
12.343573,15.308517
8.891227,14.225181
-0.20390855,2.8858469
7.88364,3.5603049
12.301044,14.008656
8.551943,4.099022
10.46282,17.218754
12.754073,6.354511
6.2449923,12.282187
8.028358,1.5375684
9.080215,17.160048
11.934901,6.8909187
9.337425,14.265875
8.753357,14.590303
11.805308,15.461238
6.470082,12.682735
10.078689,13.765986
8.4658985,17.071268
11.643526,15.236244
-0.6286372,2.6633432
0.011556579,5.5028024
-0.5252206,2.6866727
-0.43181393,5.2383723
8.183703,3.6563942
8.80728,3.3169641
10.771761,16.745564
11.027079,17.325626
10.503835,17.907299
0.5244693,2.7313282
8.732081,15.314743
9.968019,14.355921
7.680816,2.6404681
7.970133,1.0120653
11.706081,7.7383604
9.143206,15.682355
5.0758734,11.048411
11.191701,15.0825
10.95003,15.031241
7.8464327,13.245887
11.130687,14.065576
7.5159216,2.8472097
9.266764,15.011665
12.422133,16.159502
10.622182,16.90762
9.678422,14.548729
12.74505,7.5245285
0.7396352,3.3586407
9.666737,12.57315
5.754312,11.489707
10.922342,11.24904
4.746565,10.927159
12.773138,15.804471
6.873486,13.365971
8.756,15.742991
10.35929,15.565814
7.795797,2.9509592
8.686234,16.463535
-0.5013595,6.337661
10.543244,13.62487
0.032019284,2.4479022
7.0913596,2.5528367
-0.60450804,5.7573733
12.017751,16.25021
13.057755,7.585096
8.285503,15.635752
7.4213986,1.5702752
11.234973,16.447348
9.510807,16.112766
10.109083,15.584145
7.9621606,3.4333086
10.512352,14.77967
12.117835,14.778058
5.4331384,11.419648
12.381469,16.610947
5.709156,11.781625
7.127427,1.9550908
8.645826,16.643627
11.186093,12.838648
8.407742,3.5314186
11.038751,14.732911
7.7999187,14.895459
7.1436315,2.4165835
4.863853,11.674902
9.588828,15.760349
-0.58987534,5.64415
6.951782,13.169422
12.900947,6.949058
10.430537,12.98703
5.115959,11.274019
10.871103,15.349478
-0.8982897,6.271969
8.398649,2.331299
8.974737,14.2861595
-0.3231689,5.1456776
6.984517,2.100032
8.6349745,2.6327827
11.298657,14.687161
10.480908,14.745105
0.37976262,3.2713535
9.641239,13.112338
11.076024,12.211751
10.509212,13.836456
6.8332505,1.4033282
10.984235,15.514764
-0.083218135,5.4674296
11.386667,6.2933464
11.565187,10.550392
11.308293,13.399299
12.638649,6.975043
9.452865,16.002628
7.2883997,1.0842931
9.972249,15.579907
8.274436,14.533074
-0.69367766,2.8254259
10.28167,13.967986
-0.50746614,2.645642
11.253578,16.403522
11.435387,10.389887
11.607085,14.277879
8.960342,17.291216
10.207885,18.044636
11.458399,7.305415
9.028547,14.751094
0.1859615,2.981849
12.261733,7.6367106
12.647308,6.7011027
8.381249,16.514664
6.219249,11.926333
8.184495,3.7962132
12.17266,15.864985
8.102629,3.0259526
10.097156,14.005626
7.994797,2.178944
8.525736,2.83295
11.050329,16.790848
8.747131,3.1798499
8.668399,15.063477
10.560476,16.86478
5.9076157,12.028097
11.17284,14.660127
11.663912,7.557664
7.7367315,2.8758707
9.238241,15.147407
7.8501186,13.225753
10.028401,16.934345
8.181911,2.2271538
8.60558,15.915228
8.080588,16.04612
0.71054286,2.7735896
6.3244214,12.292616
10.439462,15.278372
6.5037336,11.932338
8.290211,0.8442398
12.30862,7.6338406
10.912453,14.401247
10.699708,13.128697
8.080236,2.0223029
0.31186828,2.5781488
9.400132,16.827255
0.24747986,4.5601783
8.080014,3.4747431
6.890489,1.9194813
9.026142,14.941072
9.27651,14.709299
8.325165,15.654756
7.514567,3.4491446
11.488941,16.476686
5.718313,11.427211
7.747502,14.454568
10.748167,14.36066
11.770849,16.698124
10.7963705,13.877299
-0.8523464,2.607468
9.155471,15.089734
9.367126,13.137061
11.516561,15.99745
10.629497,15.353942
8.148341,2.4390287
10.099453,16.711147
5.989422,11.984891
-0.8773773,2.911684
9.821517,15.824796
9.99408,17.1185
-0.6864097,3.5476665
7.8028364,3.195694
8.782551,15.852956
6.2964935,12.421588
8.228967,13.979615
-0.58735585,2.702188
10.109289,15.049339
9.473426,14.780534
-0.101237364,5.2216587
0.43563184,2.7587705
8.169119,1.1821158
11.612911,14.361972
11.23449,14.907557
11.39009,16.985973
11.433266,7.2420406
10.231942,12.931833
8.360157,15.225316
9.339382,15.43525
-0.9163906,2.5990505
-0.5794873,6.3195133
8.973866,13.629235
9.535015,13.857306
7.5403247,1.7414068
10.695783,14.847373
8.777122,15.331591
6.525718,12.874304
8.482763,2.9275773
11.721622,7.472232
12.264023,14.3141575
10.1324835,14.291677
9.195616,14.99463
12.233529,15.172548
8.622905,2.6183467
12.679211,7.2356753
6.357093,12.041684
9.680494,13.804971
11.942526,6.9921722
-1.1186885,5.8934393
11.092566,15.648333
8.36669,1.5231618
10.426608,14.544064
12.662753,7.7354383
5.3983774,12.204844
10.108487,17.464134
7.8300085,14.609524
8.150422,1.0588691
12.2682085,6.068147
-0.3630765,3.661003
11.494816,14.42624
5.4055123,12.350294
8.322396,14.822393
-0.08516944,5.7079797
10.619314,15.239998
1.0353945,3.1342347
-0.122123584,5.4363356
7.660255,14.833815
9.890878,15.994961
10.572186,14.458674
8.344383,2.4567435
8.186235,16.073603
5.872059,12.533441
7.581583,15.415652
12.087011,14.3971405
9.192561,13.574914
10.255683,17.502647
7.7917047,3.0936506
9.74952,15.456908
7.6292906,4.016887
9.997261,16.412413
5.7163076,11.420557
8.935575,16.572533
9.499472,14.364257
8.18354,15.159703
10.781853,12.46534
8.716044,14.91433
0.7771492,2.4991517
0.09442439,5.414247
8.356148,16.878078
9.8464,15.745651
10.162041,15.175416
9.699106,14.941537
8.784558,2.52972
11.177389,15.773263
7.2702684,2.2530115
6.687885,12.274424
9.673291,15.089319
11.337293,10.048731
7.8029137,2.4786844
0.80923694,2.8810694
7.9575353,15.364561
12.24041,13.947395
10.8966055,16.323902
7.803255,1.9116173
12.025503,16.21155
8.874758,15.67524
8.227336,1.8984004
11.505475,13.908406
8.309019,15.627717
11.004234,14.298123
9.647559,13.15695
10.934617,15.183835
6.448077,12.3829565
11.527229,14.387306
6.435081,12.520067
8.540409,2.0622258
6.6866665,12.982305
11.928054,6.8678117
10.036219,17.475897
9.888566,12.527584
8.156151,14.669875
6.6967287,13.652807
12.422428,7.570438
8.989965,13.69234
11.881744,14.669833
9.93442,13.717333
9.933931,15.755701
9.323426,15.355023
7.3523164,3.7178025
9.157469,14.344932
10.386878,14.84097
11.003071,15.837978
11.4816885,15.288549
12.80584,6.5128565
7.602946,13.911721
7.3659406,13.286992
7.324399,2.0974765
9.102703,15.660446
11.806699,17.059841
9.1258135,16.635122
10.0458355,13.68835
11.253644,12.934125
11.195874,15.331785
5.345051,11.884272
8.540592,1.6190877
11.175502,15.051467
11.913027,14.555155
10.351634,13.724034
9.398021,14.627644
12.120556,14.316556
11.242956,14.400918
0.42016968,2.723839
11.038374,17.145828
8.462037,13.151225
10.12284,15.942713
8.321362,15.9282675
11.190936,6.669158
8.8462515,13.722395
4.781729,11.2089405
4.9532776,11.800736
11.34508,7.0741215
-0.5089027,3.134226
9.132618,16.126156
-0.33530638,4.9044824
11.33068,7.0038056
6.0964546,11.499356
12.334679,14.514424
11.2924795,6.841514
-0.65203136,6.023123
-0.20490314,2.9871435
12.099921,14.573385
9.891397,17.068356
6.4305325,12.05348
9.720973,15.638255
8.9929905,15.320056
12.954355,7.466006
9.498427,14.561244
9.548638,14.156695
9.0552845,17.562014
7.895054,16.230068
7.800307,15.333427
7.4999247,13.304845
9.6938925,17.445011
8.298368,0.8613244
6.11771,11.557802
8.870043,15.494747
8.001101,16.21323
12.192731,14.792159
9.249369,16.176493
9.936615,14.979541
10.187318,16.629797
8.7635975,15.755857
0.4847436,3.4841647
11.45554,17.105223
12.5840225,16.001373
12.04742,16.796082
12.284759,7.827046
7.181355,2.4813604
9.833593,17.87868
12.418206,7.5863843
8.898471,15.470274
10.838097,11.805736
10.803276,15.072282
11.855676,7.7978964
0.8738679,3.3895042
8.110222,3.6059349
12.384289,15.650844
11.912214,15.961604
12.004171,15.404959
6.04504,12.933129
10.550404,14.926831
9.001427,15.887913
10.553831,14.154344
6.993006,2.3444357
9.802143,17.655268
-0.26231733,3.49064
6.9872475,2.2866457
10.15129,13.180947
10.237491,16.842276
9.922247,17.193441
10.689178,13.332085
7.5999203,12.938841
7.971414,15.548764
10.5873165,14.159314
10.714775,16.765234
8.974624,14.351626
7.6479287,3.4099262
7.263352,1.7322918
12.131221,15.338566
8.582736,3.6661606
0.38728485,3.1359434
12.192181,14.477692
10.931133,17.57518
9.870576,15.852737
0.06167865,3.3757608
10.620276,16.135794
7.7875137,15.881723
-1.0756699,5.203153
7.8276615,4.077222
11.359845,15.823176
9.840148,15.576033
-0.63910466,3.308355
7.537244,12.122599
9.894601,12.969706
6.7417526,12.478752
11.62819,14.928478
7.431804,14.900205
7.3681774,1.485389
9.05288,1.7494045
5.0120873,12.060072
8.623312,2.5229352
12.209897,15.720154
9.522365,15.006139
-0.4974468,5.3477097
0.9260752,3.5333307
12.813398,6.684111
12.519645,16.320229
8.292627,15.77725
11.711917,15.516024
8.668619,14.365644
13.009163,7.4904423
9.013375,14.955367
10.571296,15.648115
7.503376,2.6044786
12.424605,7.3907633
7.285842,2.0236657
11.549572,13.757376
6.2268996,11.748639
9.38546,12.868486
10.2297945,17.585949
8.451438,15.437905
10.948561,17.360569
12.201774,16.251131
11.876977,7.0420265
8.248549,3.174573
-0.66610205,6.280279
9.025154,15.217916
0.21845636,2.4424505
0.08292311,5.4970274
12.43921,6.793542
13.167211,7.2720985
11.809245,16.7361
11.412197,17.515305
12.276639,7.218984
-0.6508861,6.0941815
8.95462,12.9691105
7.8398213,1.205349
10.328428,15.2842655
6.9813104,1.7116569
-0.7227998,5.757603
10.424758,17.192774
-1.1128646,5.827721
0.1523141,5.1371484
11.544025,10.079035
6.9163966,12.857798
11.510973,17.086538
6.9423923,2.8017888
12.230018,8.0839615
10.43015,15.196617
11.050942,16.378178
6.7655864,12.73595
9.404666,14.012534
8.576256,15.775776
-0.4575614,2.6849911
10.823014,16.248034
10.095267,16.021116
10.895375,14.970044
12.917392,6.882945
8.391495,1.233015
0.22353992,5.504656
10.808117,15.716349
8.308815,15.407783
8.798517,15.203677
9.591183,13.542399
10.081081,14.355204
11.873881,13.219084
9.674554,15.072239
-0.2265829,3.8015196
11.806285,14.51054
10.55497,16.134901
-0.22348127,5.756492
10.475487,15.164045
6.938773,12.192636
-0.15102546,2.3022535
-0.10671342,4.6605444
9.336568,15.885001
9.37296,15.354794
9.5674305,14.730284
11.135776,14.076697
10.944591,14.978924
9.116558,17.416355
0.079786524,3.0564094
9.278188,13.954341
11.556906,16.040434
5.437578,12.664124
9.927181,14.355826
11.213928,6.849388
11.858039,7.4648957
7.922183,3.2361958
0.12582596,3.014262
10.119082,16.699617
11.110088,12.809502
12.2104,7.4578257
8.732183,16.05792
8.304471,14.4198065
6.890208,12.3782
7.852891,0.71862584
5.4761114,12.098392
-0.7180226,6.266615
6.356206,12.759965
11.1682,11.058594
11.244456,17.09168
10.106936,13.902716
6.111358,12.093897
8.557457,3.1808186
10.526848,13.510535
12.189724,7.165485
11.977401,9.5711975
7.3513036,12.824682
6.7892637,11.7416725
12.392075,6.4459977
9.6265745,14.908546
9.326163,15.323208
0.7965041,2.9697301
10.561299,12.474038
12.486528,7.477402
9.238389,15.887886
0.14217113,5.3547726
9.071541,14.855032
9.181869,13.282819
7.5036073,1.8535068
7.027084,3.3604763
10.708458,15.350124
11.313177,15.423709
8.889235,16.111692
6.1848598,12.547115
5.614225,11.685864
11.685376,15.392394
9.917654,14.314671
13.05569,6.7397537
10.948014,12.821548
10.954057,16.017565
11.527696,6.7309833
11.328695,14.404952
8.472224,13.94607
10.688703,15.599435
10.539131,15.520535
9.839509,16.471958
8.274811,16.340784
9.554059,16.212675
10.215596,15.987895
5.819851,11.301751
12.682516,15.417775
12.086039,13.973961
11.544262,7.6308956
10.348167,16.479761
9.979926,14.839922
11.4639,16.500105
11.125867,15.593932
10.759873,14.463312
9.693036,16.389164
0.7287229,3.2395046
-0.176688,5.411041
7.7219996,2.0927548
9.672075,17.130018
6.214852,13.087527
-0.6029004,2.4393625
11.398875,13.260119
8.683332,17.168575
8.392891,1.2872571
10.076392,15.081294
8.262223,3.4784837
9.255105,15.248848
12.097228,6.2143364
7.407355,3.5234892
11.437046,14.796453
10.06163,14.624924
11.1300955,14.342175
-0.96531355,5.8688293
9.013715,15.917802
10.808609,12.1553335
8.551586,3.4887307
10.043357,14.140338
11.086583,13.608009
9.7088785,14.99612
10.114858,15.86929
11.033477,16.729181
8.511535,14.501586
4.7419124,11.215497
11.943367,7.83186
-0.49484193,6.461316
10.299034,12.238763
8.600573,15.112944
10.107088,17.04588
11.539196,6.9320984
9.033483,14.213658
8.530314,1.2048935
-0.0005193905,5.2628226
5.3865156,12.588073
10.627628,16.006369
5.177583,12.164502
10.497821,12.267948
6.743306,2.350694
9.429428,12.804225
9.472807,12.836844
9.995125,14.885541
-0.40941188,5.9108915
9.373782,15.221671
9.467411,15.261136
7.634199,2.3356404
-0.23186001,2.8578584
-0.48988912,5.0252457
9.54673,16.690174
0.24355002,3.0196693
11.666547,14.090222
12.544871,7.011251
6.912854,2.3196893
8.534409,2.704139
11.48667,7.15366
11.141348,17.143011
11.380848,15.70362
12.59677,6.5855026
9.141111,2.0070217
10.544874,14.985515
11.105918,16.278399
0.13759276,3.6334677
7.155137,3.1815803
10.65496,15.554458
9.64123,16.283352
9.93132,16.516306
12.172676,14.78702
9.940161,16.727629
10.806132,16.259464
8.471013,1.890191
8.507578,16.747015
8.494668,3.6249514
8.350314,14.780985
9.100744,13.566923
11.555042,14.874003
5.0863886,11.89518
10.045838,13.6462345
12.249605,15.645055
8.87131,15.444511
9.305895,16.56159
5.892105,12.03032
11.560432,7.426409
10.851955,15.983981
12.206993,16.57748
-0.5282346,2.7462654
4.908623,11.352464
8.983741,13.880156
9.624864,16.655357
11.17424,16.518908
-0.8398589,5.8614273
10.805558,15.677181
5.919022,12.18324
11.015719,13.573603
8.280333,14.065288
9.975575,14.933706
0.37552992,4.4383297
11.050233,14.463196
9.226486,13.081683
9.270165,15.199558
10.00417,14.982752
7.7895975,14.588739
8.0311365,15.235359
11.478444,17.370703
11.567986,14.069215
11.78504,9.8385935
11.749122,6.825124
0.34881568,2.6661267
12.207805,15.362915
8.382911,13.424875
11.194499,14.658041
12.781476,7.320534
11.290531,16.13007
0.37221166,3.1170928
7.8310437,15.053256
11.760398,16.010622
6.167171,11.2772455
11.14486,15.7633
10.538203,15.374728
-0.7476635,5.972504
10.61097,14.436207
9.681305,15.396587
9.806536,16.674795
8.845147,13.185421
10.511037,12.756776
8.017471,1.2520562
11.737856,16.432005
13.18584,7.106733
4.9768567,11.307848
9.269788,15.875078
9.136902,16.912006
9.138406,15.304042
11.232675,16.095387
8.448611,14.162896
8.32555,16.034046
9.733554,14.475135
9.52626,14.233304
0.41303712,3.4100242
12.753388,6.9985495
7.708967,14.184116
7.8831544,13.442579
9.526935,14.160692
7.8307033,3.2042413
9.953102,16.004044
1.0854954,3.1016798
9.70911,13.419987
10.577816,13.854433
12.679028,15.394437
10.008621,12.323437
8.945635,16.816364
11.007554,14.148523
8.77529,16.729826
10.272775,15.734722
10.400772,17.00582
7.088229,3.1175761
10.169216,17.359537
1.3507571,3.8117244
10.394098,15.273356
9.6234045,17.615667
9.147409,12.877953
12.491078,7.1866207
8.737899,2.3334355
9.822003,14.496227
8.627624,2.876596
11.049579,14.2806
10.818556,16.562479
0.046238903,3.3209844
-0.2566464,5.137899
8.758785,3.2335947
9.258492,17.53071
0.054351144,5.8582973
6.3215675,11.924445
12.324882,6.98014
-0.24669223,5.829088
10.999009,16.296297
0.7270987,3.5615396
8.389474,14.261573
-0.0334861,2.5136201
5.2265086,11.8122015
8.434972,2.6806464
11.651628,10.115651
9.575177,17.08137
8.648695,3.1989791
-0.25116804,4.99143
8.716208,1.8389697
8.881987,14.068357
7.286119,2.1734788
7.282741,2.843108
9.11546,14.318095
9.574616,14.339837
11.917829,16.661299
9.652974,15.179816
12.449668,6.0683517
9.964541,13.817465
8.263252,16.787296
9.91625,16.462532
7.3962145,15.080473
8.347279,14.157347
11.825211,14.628738
10.399589,15.854906
9.640804,15.277193
0.32709873,3.2974384
9.252087,14.918131
-0.60620385,6.083454
9.089212,15.982293
9.375665,16.151815
10.614252,14.844239
8.385536,16.41211
-1.0903188,5.9256463
12.450916,14.026416
6.994549,2.110809
13.05752,7.576381
13.127958,6.744245
10.477594,17.750576
9.362928,14.31808
-0.41618633,2.542002
7.6894608,15.104493
9.223474,15.694314
11.907543,7.3378963
8.873646,12.65006
9.842001,14.800012
9.452159,17.076433
12.789499,7.652208
9.593604,14.536734
10.063027,16.795801
5.58033,11.14748
7.286742,3.4106166
12.719132,7.7158246
8.241412,1.6371506
8.370057,1.8855454
11.630795,16.449406
11.97966,13.636289
7.681546,2.1724262
8.127437,13.70077
-0.19275263,5.620347
10.683793,13.2856045
7.760889,3.75024
8.868678,14.481689
9.290539,15.392166
-0.59212697,6.1594954
6.9494653,13.325779
12.727789,6.8865027
8.6131935,14.542721
11.23802,10.596245
11.791376,9.9329
0.20250317,4.7754045
11.219794,15.806364
6.2164016,12.3627205
8.193802,2.747766
10.860279,16.559664
8.806273,13.937877
11.00716,14.111019
6.4122133,12.2428
8.582249,3.299807
9.177177,13.3679
7.0354404,2.0954106
10.700698,14.204434
11.698907,16.742817
8.011085,1.3760277
10.805495,17.533243
7.9438853,16.837255
10.624865,15.652163
0.34579214,2.5844848
5.7733536,12.169311
11.646811,6.924539
10.31542,16.400564
12.2152605,7.546875
7.763587,2.8699443
11.141129,14.857388
8.756722,12.544225
9.793592,16.347565
5.9818225,11.869126
9.674717,15.123923
10.830719,12.518281
9.618812,17.571321
12.532893,7.208645
9.762234,14.089763
8.999238,2.6549728
0.30056053,2.990637
-0.09680587,5.649096
10.412565,15.487842
9.332522,16.180223
11.267898,17.166805
10.223999,14.692325
9.856986,15.230589
11.261542,17.010914
0.5520056,3.0751374
9.402064,15.991874
7.065125,2.864407
9.475839,14.174699
5.624905,11.385621
7.828704,3.5143964
5.8655486,11.917991
12.159264,7.389911
12.42268,16.323658
5.501432,12.78998
11.31925,16.323126
11.878699,14.162011
12.485111,15.883237
8.295997,1.3958523
10.08917,16.404562
9.244137,17.07688
10.986991,10.870226
6.7915454,12.759998
10.719998,17.71858
-0.03550514,3.3201225
11.523164,10.385875
12.268279,15.377836
10.259338,17.254717
8.176674,1.4950169
11.070199,15.9864855
9.486494,15.108984
0.49814257,2.7674441
12.904669,7.314278
8.771681,15.40399
7.9411225,3.0510979
10.97838,16.881649
11.560561,14.780139
8.413362,15.4849825
11.6846285,15.709146
9.842108,15.699007
8.230011,15.1262665
12.055817,6.298732
10.417338,14.179957
5.8643026,12.775751
10.104973,13.809222
5.6771626,11.428983
7.8187795,2.8608003
11.491626,13.6222315
5.8491545,12.379583
12.378027,16.860626
12.753977,6.868077
12.095248,7.8634286
8.948281,16.197433
7.79897,4.0253253
11.5800705,13.433815
10.206122,15.157189
12.56719,6.342716
11.977668,7.8395886
10.2515335,12.301151
11.838386,15.8656
8.248155,3.0702446
10.8399725,14.867327
10.123665,13.460777
9.790479,15.259635
10.566155,14.093476
6.7370334,12.322171
-0.13220248,2.7935412
11.64845,15.14899
12.012672,14.570316
11.205934,15.215993
12.566919,6.633658
7.755393,3.7160122
9.318575,13.010345
10.953163,13.1265545
11.789857,7.8179364
9.596993,12.558704
10.81447,11.315731
9.736069,16.478886
-0.8510716,5.5988374
11.2300205,14.874693
11.892814,7.0487432
9.681719,16.000153
8.632257,15.988706
0.08719717,2.7640321
11.658559,6.4424024
7.0489078,13.05597
10.575576,14.258883
0.5770423,3.8223183
9.474822,15.108947
8.196051,16.16076
9.269585,13.716571
12.597776,7.364914
6.8526006,3.6133103
9.633104,16.60142
9.075197,16.312357
10.189894,15.699689
11.764785,13.668763
9.889523,14.688115
10.822756,15.015833
9.729545,17.444677
8.856066,13.143694
8.774741,15.408366
8.991606,15.843687
5.763983,11.518264
9.88666,14.750151
5.8089347,12.706757
11.393642,16.870007
8.87788,16.341839
9.3634815,13.394883
9.9814,12.8711
9.555418,13.14927
9.4054985,15.121943
6.045081,12.291879
-0.48658022,2.9180365
7.522724,12.906188
10.347291,12.846074
10.01638,15.952061
8.369888,3.4492917
7.8667626,3.1812224
10.617023,15.246109
11.584855,14.135566
12.432442,6.476486
0.15014142,2.5260663
11.336521,14.803718
11.081541,14.302914
8.981636,16.663305
10.634232,16.341614
9.258382,13.701639
7.4779143,2.159954
9.405676,16.327923
9.488444,13.532458
8.983866,13.595668
11.869266,17.621264
12.6523285,6.0753784
10.624305,12.820261
-0.5718967,3.9750102
11.246971,17.173649
6.1255555,12.706575
10.069872,16.248596
12.166219,7.442932
9.258383,14.393366
9.929904,14.547989
4.739045,11.260083
9.532721,15.418525
10.281773,12.843933
7.5171633,1.1148441
11.798756,14.859947
11.351098,15.872712
9.109468,15.0269575
12.142758,16.707436
12.475816,7.1944494
5.5192614,12.141451
10.256176,13.850621
10.728883,13.227978
8.668772,14.653868
9.890243,14.382231
10.166426,14.687536
7.3685064,1.6136521
6.307764,12.491377
8.144812,2.1171653
11.22216,14.53428
8.5497875,14.874846
10.954431,13.320408
9.74164,13.577551
8.540201,13.120793
11.8710375,7.7211637
8.411689,15.645186
9.729952,14.50344
12.246429,16.651854
9.63372,14.733022
7.9829965,14.7642765
9.759567,16.821125
10.797796,16.112509
7.540844,2.056213
5.365242,11.060922
7.159825,1.7801776
12.271191,6.6863327
11.53696,6.7183704
11.51126,15.259034
7.524051,12.257325
9.742661,15.618419
10.043394,16.925165
8.77416,2.5132742
8.31512,16.382956
11.565865,16.561823
10.134154,15.004749
12.269687,15.311041
11.610363,7.277822
9.222179,15.456339
11.663722,9.863968
0.030765697,2.6165402
11.579659,16.984808
8.064006,15.244812
11.382784,13.833526
7.58833,4.069598
7.977085,2.6684873
10.519212,16.309942
8.672211,15.929652
11.7571945,10.2821
8.069785,4.04264
9.263796,16.181849
9.260757,13.8934965
0.054299425,2.5568008
11.324768,6.8567815
9.747639,13.602561
10.260802,15.195759
11.817132,16.190083
11.760546,15.3193035
12.886086,16.126917
10.0982065,14.798724
11.12167,14.280502
7.923212,3.0870337
-0.9140345,5.1016517
0.5340627,3.0852997
12.451786,14.926358
9.340738,15.75339
8.434161,3.02406
9.394367,14.85559
10.646577,16.119007
9.917828,15.528523
4.9320936,10.969593
10.015176,16.020287
-0.7396354,5.467639
9.4996,16.543903
7.6493583,2.1417494
8.812258,14.270557
6.973296,13.025081
-0.24370404,2.7940202
10.734039,16.323198
9.762678,13.519989
9.7022915,14.486441
7.8169813,15.143221
11.205157,17.38167
9.3101,13.258636
-0.95931685,5.563259
9.990555,12.785071
11.646093,15.741924
12.729557,6.660062
8.878877,15.507118
10.167232,15.6659155
8.62861,14.946408
9.636989,16.191307
0.01404221,5.0798783
7.1496787,3.1695824
8.552626,14.631487
10.432282,14.648151
11.896219,16.940495
5.8420415,12.389804
11.904105,9.866342
5.695055,12.835263
10.398259,13.592854
12.152472,15.753914
7.8619075,1.7047569
12.203583,16.239176
11.528912,14.492747
10.083073,12.851644
10.75534,17.45418
12.240504,15.922205
10.506892,17.40278
9.955991,14.5447
5.7832,12.19082
9.792708,15.13863
12.4547615,7.251883
7.534256,2.8340678
8.447734,15.150496
7.4873085,13.062615
9.981075,16.071869
9.076099,13.329555
9.250271,15.450775
8.409054,2.3704906
10.20483,14.093882
12.202681,15.869009
9.470875,14.804272
11.014602,15.693929
8.381559,15.658508
8.490484,16.633438
8.039924,2.1920156
8.348667,1.1574908
8.505172,14.888839
12.27358,6.385015
6.1170006,12.082526
0.4054533,5.1366715
0.34049052,5.340665
12.967011,7.232548
8.288529,15.256895
11.828616,16.281303
11.743515,7.0430217
9.484943,12.714886
8.604851,15.461695
10.227946,16.571726
8.210762,1.9344088
11.794966,15.588119
7.881767,3.0566318
0.6543567,3.5683587
8.800583,14.281295
10.944876,15.436177
7.4036407,14.211744
10.41024,16.392014
11.581088,10.314037
7.337815,1.4141237
6.3324814,11.58574
8.752255,2.1123493
7.688936,3.3699224
11.348103,16.682787
8.004236,2.85745
8.446201,2.576976
7.8093123,15.947913
10.754944,14.168669
11.854213,13.848272
9.370221,15.567424
7.833215,1.3664666
11.458972,7.363252
11.101764,14.016131
9.062038,15.610871
11.222756,15.63799
7.7847705,14.425208
11.994145,7.302283
8.362062,16.591993
8.903495,13.387414
5.9933467,11.495982
10.515766,15.44331
12.858813,7.3035135
7.457711,3.950665
-0.7944644,5.861858
8.907129,13.276028
9.152295,15.174082
10.035816,15.390688
10.653773,16.662535
7.278167,1.8244996
-0.8560741,5.7727194
10.188821,16.719896
10.45213,17.210188
7.980773,3.8166451
-0.54269254,3.0537415
5.4549894,12.360349
11.732221,15.485849
11.050091,13.006101
0.3329455,3.086488
8.966258,14.415148
12.338667,7.097863
10.047581,14.425097
8.745826,16.09106
10.832909,14.294837
5.3393483,11.857409
8.765342,15.418557
9.461292,14.554693
12.768988,6.4932475
8.636464,2.918132
7.680853,15.742546
11.275564,14.110789
10.500118,12.422984
6.6484423,11.911655
9.944348,13.2221155
7.127482,3.5238254
11.955024,16.9582
9.562744,17.827702
-0.30807763,5.7634096
11.86724,16.491766
8.913552,14.502563
8.033649,14.5742655
10.343201,15.048693
8.948081,15.696127
12.112724,6.649927
12.597906,7.8705983
11.829216,13.517704
6.368623,11.385958
10.760979,14.75149
10.64724,16.707731
11.77108,15.404751
12.498949,16.370253
7.126064,1.2738357
8.501452,15.954779
6.7215247,12.441394
9.890964,15.712334
11.021199,10.984441
9.949209,14.278165
4.8261433,11.799752
0.10326451,2.4562612
11.365599,7.203361
9.996803,17.011192
10.665508,14.279112
11.929837,9.784088
7.8521943,14.831458
12.996066,6.928819
8.591529,2.7807298
-0.7022154,2.3032033
5.5432124,12.613748
7.5739207,2.3143585
-0.8017322,2.9746664
9.265288,14.496858
11.715495,16.30796
-0.013178653,5.0470347
-1.0057827,5.2200294
7.9070735,15.03527
7.558457,16.00697
8.995341,14.844134
0.0358138,3.7086012
9.440858,14.852556
11.01742,14.488292
6.555096,11.897937
7.1410174,2.9161272
9.0684,14.335311
7.645249,3.4046948
8.04384,4.219449
12.092814,15.728682
10.158236,13.621762
10.301844,13.911192
9.344561,16.317926
7.6406107,1.1901726
12.809864,15.508886
8.374025,14.319638
7.192365,2.8914027
7.0638227,12.679748
11.634176,17.010183
9.077762,15.7534685
6.69749,12.919516
10.76997,14.420583
10.207389,16.201391
10.443386,15.900196
9.2943535,14.255876
12.006451,7.409923
5.697629,11.424578
1.045403,3.9973066
5.651297,11.6094885
8.81239,15.903666
9.832482,16.306381
7.867188,15.564725
8.613674,1.7172819
8.200018,3.8897276
10.975154,16.579742
8.582973,16.200827
10.080631,13.668311
8.270541,3.8924072
10.836308,15.838403
10.278525,16.184595
9.098969,14.119663
-0.65479255,5.614089
7.703439,3.4583538
0.27915287,2.6782355
12.397273,16.222069
-0.15184365,6.14726
6.728594,12.450944
9.458011,16.897211
9.106827,14.817094
7.9097004,4.434645
8.172272,2.2611911
8.40264,2.7416437
9.107952,16.478983
10.435824,14.786166
12.083654,16.613564
11.251195,16.08527
12.662455,15.214783
10.860413,17.63234
6.85124,2.955966
7.436606,13.497145
-0.33901033,6.107367
9.85355,15.143105
10.247342,14.616837
8.907759,14.612472
0.5357879,2.9259794
12.986892,7.426001
12.0884,7.0759597
0.7691322,3.270947
12.08399,6.4357224
8.386834,1.7285728
9.57322,15.253693
8.573638,13.40377
9.324019,15.870528
10.319701,17.392426
11.532957,17.011751
12.218715,6.817667
7.6652923,3.4213488
7.593842,13.882643
10.185843,16.406443
8.204715,13.349656
11.298802,13.708117
8.643888,1.7779359
-0.07825942,3.1677315
10.515634,13.248729
13.033561,7.2234325
11.083703,15.2609
0.89378715,3.3055272
10.582773,14.87133
6.658782,12.762605
10.04916,15.285792
10.01301,17.230988
6.117051,12.948916
11.942344,14.8165865
8.071844,3.1890373
9.962038,15.962013
10.214867,15.657406
8.795684,3.0457778
11.925599,6.7881336
9.991465,15.688074
7.2700734,2.6745536
11.2212305,10.603762
12.514921,14.812706
8.295339,16.200985
0.29411224,3.1376472
10.325499,12.928058
7.501563,3.1575112
6.977244,2.827035
13.043577,6.779268
10.978008,14.146814
11.365416,13.891698
11.030336,13.583127
5.5134664,11.5470915
11.892194,8.400791
8.946782,13.610042
12.300134,15.040186
10.225508,17.614134
-0.24148989,5.553003
9.12141,13.755052
12.697249,16.393162
10.057399,13.222064
10.066594,15.209948
8.035766,1.880234
8.276196,1.8363446
7.6611714,1.230661
9.11889,15.815591
9.189844,15.468833
12.019814,16.454308
10.214887,17.476843
9.448678,14.68136
8.253321,15.477092
7.3353405,4.008989
6.3617387,12.076912
9.181982,14.011204
7.9191256,3.6382327
12.050994,7.269989
11.159041,17.16827
13.139817,7.2779083
9.904699,14.5835
10.25562,15.177873
11.970491,6.3437085
9.215234,15.794593
7.6716156,3.6550903
9.814602,12.235369
-0.25427482,6.2537847
8.5180855,14.566901
10.5712385,16.11937
8.764932,15.2149725
9.998529,16.54792
12.463915,14.969632
7.19456,3.082609
11.790438,6.5947957
8.836803,16.153301
11.935199,15.94444
9.646447,15.314979
0.3127622,5.57712
9.755053,16.257557
9.656066,15.596369
11.693855,14.6966305
0.4167231,2.3417208
4.850621,10.766726
11.25201,10.912962
8.722463,3.4435177
12.75203,6.6045833
9.245461,13.466625
11.444119,10.007305
8.3452835,2.5045521
9.036232,17.139591
12.316697,15.486571
7.129172,3.2949111
12.291388,15.467965
0.7138287,3.931964
9.971525,12.803726
11.678459,16.02438
9.593904,14.484285
8.367087,15.603286
9.825766,15.011776
11.37248,16.290646
10.494778,14.611414
10.667744,15.079175
5.0210137,11.394115
11.331863,14.903856
12.342691,6.222481
8.766328,1.8131027
11.069494,14.3843155
11.68208,16.602781
10.920272,16.756273
7.926528,1.590808
0.63768464,2.6707582
9.667578,15.759468
11.571204,15.510978
9.94806,14.797794
10.559919,14.903108
9.680897,13.562492
10.229527,15.082464
13.112575,6.857413
9.061484,16.689152
8.559277,16.35868
6.7899747,12.741262
7.3958898,2.6480742
6.201658,13.201795
9.969517,14.572093
9.619562,15.670311
-0.373831,6.449384
8.061362,14.999633
8.41111,14.619048
9.397642,15.203032
7.5600157,3.7880547
10.467917,13.233768
9.9092455,13.271431
8.151012,15.194212
-0.70215696,5.9270687
11.957931,13.99088
11.625561,15.246666
8.44946,15.267991
11.64514,10.111783
10.688729,16.990475
7.6768007,2.7276638
10.348478,13.5329
9.851712,16.350275
13.170718,6.6652055
8.684757,14.869729
11.7853985,6.90188
11.277919,17.043928
11.082054,15.305677
7.2598066,3.4530919
12.072101,7.5234385
9.868533,17.061922
6.331848,12.121327
9.750875,17.39343
10.915183,12.35005
7.1808305,3.1656728
8.234318,1.3640842
11.68786,9.900501
11.258055,10.688329
11.426506,17.135847
7.0394273,2.705365
7.572195,3.7380314
9.706749,14.993978
4.690131,11.055579
8.488579,13.770673
11.77262,16.969276
11.473438,14.291535
9.221027,12.778751
11.628233,6.631694
10.74087,16.765804
12.785923,7.086726
10.420762,16.256927
12.149844,16.194355
10.337483,14.52677
10.277033,14.869388
12.129051,7.5368795
7.859807,14.494562
8.864694,14.811272
11.431757,16.207071
12.118751,15.567599
9.44542,14.495064
10.626459,14.938147
10.499296,12.663519
10.542306,13.076887
11.300083,16.274672
-0.2751642,3.3710334
-0.45160052,2.8305726
-0.48605025,3.1837516
11.211858,14.390054
8.417897,14.327084
12.505796,6.6439714
8.751365,14.671779
5.6317005,12.278472
7.9932437,3.5581224
10.533176,16.82234
-0.33195257,2.4613013
11.228896,13.289398
-0.31930855,4.9132347
0.67503655,3.538751
10.8685465,14.502831
13.068373,6.5545945
11.760885,16.203146
7.076248,1.6485337
12.105551,7.426569
12.291705,6.3896627
8.198499,3.544321
7.7063894,3.7796102
12.907704,6.6711435
7.432484,1.5656062
8.6958065,16.021341
9.935489,15.477048
10.4860735,17.739136
9.94615,16.724426
11.755983,7.735496
5.9430223,11.891296
10.087701,17.853222
11.020697,17.075033
8.357467,14.379414
11.437658,14.311447
6.0909743,12.097586
11.866536,14.310514
11.689959,16.553701
7.732401,3.734559
9.356219,16.859434
11.952246,13.441493
8.775928,14.892727
9.26524,16.68556
11.972393,17.351574
10.830064,13.760982
10.171856,13.394108
8.127275,14.753576
10.972518,12.537933
5.3475795,12.236269
11.4629755,14.666837
-0.7950632,6.332136
6.9642053,2.3181295
9.740443,14.364519
9.909055,13.703366
7.351842,3.86455
7.9565473,2.6470392
8.978736,16.215858
11.591592,14.218148
11.495117,14.662928
12.352158,14.677426
9.781644,16.942493
8.391154,15.748563
-0.37749436,4.719705
11.902274,14.59177
6.8654795,2.7175996
9.425488,15.599806
10.588763,16.09412
8.658975,14.437987
8.9871645,15.687799
10.281357,15.22146
11.203091,13.282163
7.2951794,14.632267
6.248922,11.995666
8.866869,2.2631443
9.638873,13.544109
10.167903,16.258472
5.5515523,11.734283
11.879627,13.84316
12.733307,15.5026
0.06984809,2.4934125
6.040843,12.913825
12.627285,15.123029
12.249852,6.283064
10.046314,16.993454
10.392385,16.849651
0.70916235,3.036159
10.811365,12.702212
8.770522,13.113818
7.314542,3.4076967
10.060543,17.185205
9.777459,16.30575
-0.58496344,2.8513758
9.43866,14.195242
10.167282,15.6816845
10.044076,14.506053
9.186892,17.40845
11.782431,14.73543
10.110505,16.756172
8.295216,16.988932
9.657525,16.520514
10.383008,14.725753
11.767076,15.347206
10.402871,14.312273
10.333458,15.880692
8.932224,16.500494
11.762339,14.8751
7.239174,2.9792488
8.340763,15.003463
7.63843,1.6627817
13.152813,7.200711
6.4736724,12.398589
-0.1696981,2.9037635
11.712691,14.289203
9.963007,16.106764
10.75582,13.8664255
-0.9426748,6.2176056
7.5254836,3.0317934
0.7107575,3.295725
10.396219,16.168135
8.751223,14.579445
11.731343,16.915524
10.788803,17.217566
-0.059010036,5.278421
9.282086,14.937598
10.264851,17.637339
5.3332334,12.314289
11.092872,14.793617
-0.022424512,2.2614849
7.3535028,2.9002078
7.702372,15.190984
8.763153,17.021957
8.300099,2.155568
5.8987164,11.914544
9.715226,17.021042
8.12334,2.2434587
9.710526,14.182454
8.563492,14.335846
12.337166,7.473455
10.523142,15.3897505
12.575247,14.91482
7.048032,2.354347
10.227214,13.773575
12.629319,6.6839776
8.573262,15.867211
11.707782,7.2814527
7.9981713,2.9306364
7.63983,1.0663816
12.140775,14.685254
10.384221,15.452255
10.308462,14.498059
6.3129025,12.617124
11.540368,14.283161
8.041228,13.368394
6.8505464,11.591335
7.6185966,1.6513782
11.881358,16.006098
6.52971,12.357762
10.027817,13.729817
8.496844,15.738609
5.541679,12.335163
11.242463,16.153513
8.49459,14.911626
10.518567,15.639107
7.9558454,12.936409
11.951099,15.328795
10.642286,12.085101
11.465052,15.311113
8.690595,2.0442936
6.708512,12.608946
12.485871,6.7258453
7.5263643,12.674652
10.463979,13.644679
8.573472,14.002367
11.082728,13.820504
9.518897,13.332549
10.685515,17.029718
8.517811,3.6375024
7.422884,3.0305045
5.701105,12.687484
8.065549,4.08541
10.62272,15.509336
9.088918,16.09563
11.709022,13.846357
12.855614,6.465933
8.019556,3.663808
5.166838,11.826942
7.841255,13.22984
0.31820017,3.0757115
8.615655,1.9281791
6.547741,12.230823
11.328579,13.784351
10.5959635,16.44333
12.662557,7.7320604
7.9531803,1.8974737
11.130654,15.406416
10.327024,16.846615
8.224023,15.561801
11.368175,13.898669
9.991188,17.166758
5.828827,12.299591
9.933276,15.910209
10.55515,16.533556
10.421444,14.119266
10.102639,14.793858
8.711317,12.917729
9.370929,15.854523
10.238677,15.0493
9.703118,16.097754
9.141333,15.524487
7.547158,14.196618
11.561856,16.177511
6.7322574,11.773143
9.938728,16.322397
11.202892,16.035292
8.585197,15.021911
11.32476,14.789511
7.538597,2.5062246
10.629118,17.783028
10.462679,16.999775
8.222529,14.200291
-0.33471614,3.0124152
-0.18505403,5.647688
9.397261,14.425506
9.212463,16.305334
10.322245,17.207413
10.523582,16.848526
6.89521,2.597139
10.85908,16.986538
10.964869,13.059545
8.430065,1.8471428
7.9593706,15.767832
9.087746,16.255255
7.4395456,2.606931
0.49697542,4.1096873
8.278254,14.413436
9.287645,16.737196
10.503069,12.7429695
9.720764,17.887907
-0.74460644,4.1446815
0.7515098,3.3189995
8.824974,2.4581335
10.353829,12.84767
12.563411,7.96664
11.293555,13.099083
11.053165,12.862923
9.55805,16.084383
11.907464,15.415225
-0.15853277,5.383953
9.524069,16.03929
8.261637,2.9391
12.105143,7.6617417
0.43886632,3.2755225
11.313543,16.111464
12.100316,6.8770666
6.921068,12.5128565
8.256893,3.193695
5.2842255,11.553335
-0.6600394,6.326975
11.062563,15.177414
11.84174,7.163186
9.464005,16.381245
8.922665,15.047232
11.228943,15.610821
8.576768,15.265216
6.9443016,1.7324436
9.524445,16.302204
11.795219,7.166652
9.580714,16.828972
8.144116,3.9950411
8.929111,13.284336
12.623347,14.152057
7.2461333,3.561376
12.09632,7.1666784
7.5738015,13.503379
12.195106,6.576661
-0.68908787,3.8326883
9.975777,12.304806
7.9703646,4.1743913
9.40727,17.564207
-0.45154393,4.8329287
-1.0019773,5.597977
7.597502,3.170066
5.6304073,12.842323
9.591637,15.324969
7.367415,2.318722
9.143011,16.697489
11.378874,12.708699
8.35436,16.164362
11.591914,15.704259
7.995024,3.8685327
8.407616,14.905616
-0.020951955,5.896942
11.7355,15.776225
8.78871,1.5256191
11.2787895,12.428538
9.162956,17.352755
7.137098,3.4635255
11.875653,14.698119
-1.0229517,5.594443
11.655537,13.515808
11.511634,16.907963
11.56162,6.9692535
11.312559,16.744352
0.081066385,3.3516698
8.160895,15.284933
10.191847,15.687058
9.960055,16.55966
12.128853,7.5740924
7.9394007,12.836116
8.929047,15.202039
8.086066,2.354588
4.9335575,11.608052
11.758495,16.725677
11.470053,16.14383
6.0244136,11.78682
10.553219,13.134455
10.232574,14.485072
9.802434,14.064513
0.6259033,3.011304
7.8832183,14.325706
8.262396,3.2521777
7.873104,2.5703375
10.32526,13.104069
6.374365,11.492652
7.5271072,2.4393752
12.267722,7.1389933
12.609281,6.3826966
11.1685505,15.948715
11.02254,16.122272
12.412656,7.5460124
5.0507164,11.790285
10.452675,15.269822
11.829594,17.219528
5.6714616,12.781335
0.4150688,2.6632016
9.715588,16.236776
-0.49712765,2.3963594
9.409269,14.617543
-0.79764014,5.064606
11.938399,15.638794
11.510018,13.971376
10.843714,15.679086
12.506694,7.619506
11.707981,10.014562
11.579091,15.720829
5.8893495,11.977045
12.284517,6.713134
11.798673,7.2504
8.687379,15.7307205
9.252598,15.980184
12.845713,15.774842
8.758585,2.8232558
10.60248,14.276399
8.101299,1.710144
8.929435,14.339944
11.906735,7.2184505
6.6126575,11.911266
10.499911,14.867684
5.0127654,11.68747
7.6460834,1.2639927
12.536629,6.2049317
7.3256674,1.786304
7.379856,2.5737336
11.255978,15.410183
-0.8785553,5.439655
10.579667,13.357769
9.454405,14.4194145
12.732677,7.7449613
9.372462,15.060111
8.304985,1.7286754
13.320385,7.044137
8.140307,16.335485
12.758108,7.19251
8.665743,16.987526
12.222253,6.715505
9.880977,15.201271
11.668037,17.212715
-0.35855103,6.200648
9.193655,17.134125
12.311022,6.89129
9.666953,13.099737
10.185218,13.941651
8.8600445,14.340006
10.068675,14.631629
10.752216,14.319928
7.3456044,2.937964
7.3169994,13.742076
6.4347787,11.643
8.775102,1.9202836
-0.33151704,5.568107
9.912469,15.272388
9.386114,15.058041
-0.43770894,5.9271536
11.681959,14.070866
10.569041,17.077753
6.679536,13.259294
10.318499,15.719404
7.792482,1.9828017
0.6670699,4.193028
10.881698,15.120704
11.706605,10.0810585
10.391468,14.261761
7.2901974,13.028851
11.216322,13.898249
10.796596,15.3187895
9.2796955,14.211932
10.74875,17.264975
10.261561,16.31317
10.488605,12.519195
9.284086,14.192206
9.631675,16.33284
10.044827,14.465432
8.615162,3.172108
10.7214775,14.590962
9.615243,14.114927
0.46012574,2.5255556
11.639113,7.044593
7.63032,15.095039
10.386862,16.365662
8.836086,16.399193
8.79752,2.1265032
-0.31652662,6.4009986
11.308116,6.993352
1.086089,3.339185
7.8977103,2.4603372
7.8235393,2.3570943
11.726198,6.6077366
12.407029,15.815647
11.890942,16.074444
9.880559,16.294315
9.707239,17.088634
11.552704,7.601303
11.675579,14.969785
12.71047,6.5565567
11.51731,16.37132
11.743284,14.683428
4.9294515,11.298423
11.280694,15.034379
8.6146145,15.137008
9.537513,16.863953
12.129521,7.223447
11.180813,16.122526
0.23706363,3.4777594
-0.19233108,6.1369815
8.331553,1.7340986
10.988063,14.065487
12.319023,15.4482
8.543432,16.295431
10.729551,15.3586855
10.181929,17.225498
7.966952,15.551372
11.767323,16.05437
11.682641,9.793588
11.51466,6.664639
7.430802,2.9123375
6.5799785,12.604146
4.938036,11.157231
8.778382,16.154692
10.01081,12.758897
13.216064,7.034858
9.550713,13.480641
12.267248,14.621877
7.6448817,1.7890869
-0.28263536,3.3749623
10.130425,15.195056
7.2071195,3.375293
0.024291389,5.5849414
7.366918,3.1450968
12.22087,7.478051
12.581665,7.544896
11.134327,11.006532
11.346635,16.221567
-0.48741117,5.607701
8.178786,13.972916
7.839192,4.0656586
12.113096,13.9392185
5.7150106,12.019939
10.748403,14.81845
11.673627,10.054314
5.838524,11.585916
11.530394,14.962805
10.99903,11.743444
6.6233273,12.994956
-0.24191846,3.8080852
10.308871,15.9052925
7.9403768,15.02641
0.5037354,4.6836634
11.431213,15.874411
12.663387,6.2742853
8.249014,1.4525926
8.654659,1.9715555
7.6289144,2.5047278
9.294118,16.467993
-0.40619785,6.349903
10.522585,14.186724
11.687043,14.917687
10.722931,16.336123
0.03559376,2.5674868
11.876042,15.181688
8.829229,2.7590463
5.199993,12.05531
11.372115,15.467178
8.656352,16.770815
-0.18087156,5.841125
12.258591,6.921866
-1.0451347,6.0161138
12.347696,14.773039
-0.7027851,4.3075433
-0.9206666,6.191583
10.506169,15.843347
6.5687523,12.60838
5.681917,10.998233
11.213784,12.691147
10.440263,15.875458
-0.35901576,6.2225065
11.810943,16.467518
7.4539833,1.411932
8.105541,1.1341193
6.900933,12.187508
8.092984,2.1269584
12.772534,7.155401
11.758705,6.3659787
12.362418,7.448418
8.191165,2.074404
8.610637,15.552171
0.16389494,2.7547588
10.751967,16.313156
8.585948,15.37069
11.998552,7.3289466
10.324781,13.988298
8.566873,1.7661296
0.46343824,3.8115904
7.410233,15.45478
10.5911255,11.956233
5.7047367,12.383312
12.39698,16.772556
6.1893415,12.915936
6.5779834,12.210933
11.287351,15.565092
8.216941,3.8375576
12.30209,14.898823
11.412428,7.0421333
6.044577,12.694513
7.3950586,2.2327797
9.633797,16.580755
12.680538,15.136213
11.637639,16.181421
8.158014,3.1143324
7.5293226,3.9850814
6.850696,2.4593582
8.34388,13.807159
12.784457,6.903651
12.113809,14.416706
6.58043,11.947076
9.081265,15.018028
8.044144,1.8806262
10.6629,15.632768
9.051237,15.1751795
11.284007,15.227804
12.446394,7.0554256
12.725307,6.529467
8.792632,14.814321
11.89808,13.955214
8.400697,15.348445
8.381244,1.7865953
11.785924,7.362007
9.246533,16.297028
11.263076,17.543858
7.4078913,14.985911
8.014842,3.4489684
7.0188394,2.8588526
12.134724,6.399518
8.898482,13.727303
8.512531,14.040934
10.125916,12.960018
