2.9564962,5.397594
7.560865,8.398878
6.38625,2.5207796
6.5460687,1.6016823
4.970425,3.5090199
7.960851,7.911618
4.6866417,4.4676795
7.005551,6.7508807
4.165573,1.7957664
4.985961,1.4036953
5.987943,4.9370527
6.4986415,5.881701
7.2348933,7.746277
6.0282073,3.2538092
7.64555,7.8155437
6.7355943,6.3366766
7.4032993,8.829786
2.2128263,5.213719
6.848965,3.513559
6.414427,5.944678
8.948384,2.7207408
6.0386662,3.6662717
8.41835,5.410063
2.8986864,5.374526
10.221145,3.4954772
8.761945,3.940992
3.2616405,4.9327846
6.8174,3.6532946
7.043571,9.056977
7.136739,4.883634
8.039284,9.751694
8.099572,4.150098
7.989542,3.698888
7.519561,1.9926676
6.66563,9.748093
5.3543777,6.5784826
5.980605,3.5280063
6.06135,4.347559
4.346295,1.7075824
9.864365,4.580661
7.175061,9.149399
9.435865,5.2002573
4.159297,2.8006816
7.224651,4.881834
6.5134525,9.072212
9.329464,4.486092
6.209374,6.0082045
7.2788277,1.5277938
9.354523,3.7916992
7.5106864,8.364217
6.7774568,5.572924
5.4054217,2.218173
7.5105104,4.4378033
5.724981,6.646138
10.027921,5.3370023
7.2336135,4.1749277
10.225695,3.5655437
2.543586,5.7211294
2.0265653,5.4917727
8.081557,8.956078
5.678019,5.0271673
4.3155913,2.4447632
8.290969,6.0187144
4.435889,2.17028
5.6383057,3.0554817
8.104856,4.906684
7.672651,2.0138524
7.870245,6.594412
6.684881,3.3117158
6.7037196,3.6985476
2.4493444,5.326598
4.4553366,4.6537375
6.0460577,8.937023
5.3385596,4.4789467
4.5664487,4.6158805
7.753004,9.097942
8.462278,4.605488
6.674564,4.3728166
4.3533435,4.006658
9.929344,4.0597553
7.7126255,8.443106
10.33561,4.414438
4.816786,6.792433
6.4666142,5.0879974
5.153664,4.506692
8.240257,4.564896
6.801389,9.161303
8.919749,2.6142638
6.4752064,5.1303325
9.676192,5.459998
7.397158,4.240331
6.7105045,2.7982106
4.5852575,2.0142038
7.375177,6.2616887
6.429484,8.8634615
7.9211926,1.8203596
3.9877913,5.728427
8.263155,6.2307734
7.621017,3.0318673
6.3105297,6.513357
6.4865203,4.561549
4.834475,3.4998229
6.697675,1.9953822
7.9859247,7.766144
8.982421,5.382504
9.969302,3.4202147
6.428474,3.6066527
8.45371,4.398055
8.579136,2.6873944
8.639588,5.3386636
7.4509087,7.8487105
7.1733427,2.472458
9.207097,3.7144883
5.5586085,2.1767335
6.9820223,6.0265174
6.453277,7.0636835
9.033888,4.293115
2.0417986,5.065807
7.6406636,2.7469995
9.212071,6.1927495
6.329031,3.9429374
2.3536704,5.08178
9.126288,5.5734468
5.773195,6.5007873
6.4664745,4.594179
10.1041155,6.0088162
8.090558,6.675496
7.353619,6.03225
9.731401,5.6630483
7.8922796,9.730823
3.5839353,5.6841483
8.280686,4.206413
9.07542,9.328186
3.0103502,5.1188335
9.004501,8.132446
5.9438686,4.2779465
9.179991,5.0989604
8.141761,5.6523824
7.3636656,3.5162277
6.0672083,7.3827314
4.1825924,5.611056
10.2907715,4.7355657
6.530976,2.4646385
4.09677,4.9733214
8.992826,5.877136
3.2109005,4.7335296
9.335412,3.02081
2.269864,5.831585
9.775854,5.392774
8.027338,7.0067124
5.8933096,5.1832867
8.01076,7.668237
4.7413263,5.779489
5.452782,3.7477858
5.4656506,6.4875536
4.1770325,5.437605
8.488434,5.6540837
9.139489,5.141389
6.3650274,3.3709393
7.0713964,6.2401457
7.2985296,8.924676
8.744523,4.937609
8.712349,6.158749
5.688162,7.642053
6.428125,8.7296
6.7406874,1.4160331
6.651284,5.232808
7.8940525,4.323067
7.2409143,6.33241
6.5810075,2.7114863
4.6695232,2.1595428
3.2601736,5.3765125
8.550217,9.2218895
4.1424866,5.205477
7.0520535,6.069875
8.848105,7.322428
5.486743,2.458243
7.3794165,5.326903
6.171523,4.960282
8.798871,6.587841
6.5958767,6.225678
4.6669745,3.176014
6.435735,5.9067383
7.9501734,9.471753
10.03765,3.623695
8.883568,6.4824557
9.020641,3.1667848
6.468041,8.138465
7.762915,8.616104
3.2310777,5.2972064
9.753595,6.409717
6.780217,7.278046
7.15077,10.223913
2.2282958,5.1255546
6.3009305,2.5476537
9.957115,5.054157
3.8976884,1.231608
4.6560802,4.267286
5.902109,4.720344
10.277105,5.782092
8.860741,6.151424
7.0383782,3.2000916
6.173146,8.7790365
7.9728093,2.444933
7.631482,9.090458
8.180531,5.534695
6.7005944,2.0795557
10.289842,5.366526
8.792308,7.874675
9.679088,5.9337935
4.925269,4.996861
7.494811,3.6274934
4.485514,5.3816743
8.725484,3.9871972
9.422838,5.1487947
8.117792,6.4325123
6.2991543,7.539301
8.188188,4.37424
9.721886,4.9812384
7.726987,3.058135
9.720983,5.5749483
6.8644066,6.232017
6.687828,9.868537
8.611944,4.6723523
8.191348,4.156301
7.4762278,2.830524
6.2996635,9.087972
6.8067555,10.052068
9.232308,4.7227693
5.884603,8.963048
6.2377467,2.8792067
5.2724586,6.2387776
8.493839,4.335029
6.1146817,8.657887
2.9789739,4.8373346
8.610881,3.6928585
7.830279,3.2035482
8.886316,4.221466
6.08343,4.41796
4.815489,6.6565638
7.0847974,4.9168544
5.9880567,4.1969447
9.759685,4.2341776
2.7448752,4.773859
9.390539,5.5602665
4.8584204,3.6639364
5.745988,4.537676
8.020215,6.3457236
6.693695,5.2667594
4.6632423,1.9204298
9.392279,4.2340913
7.8689923,6.272158
4.3463373,2.6565726
6.5977855,6.963621
6.5895333,3.4684753
6.7172623,2.9331877
6.4082656,3.1503043
2.2057726,5.9218507
7.453277,9.490617
8.695473,6.667885
7.072832,5.5943513
7.8050423,2.8154922
7.217299,2.818145
6.6981397,6.4821744
3.952826,1.6241986
9.394954,5.9543867
6.492388,6.406522
6.618348,5.167381
5.6534004,3.7300425
9.674818,5.455084
1.9465864,5.5532136
6.7051716,6.7017474
7.2075872,8.183675
2.8023775,5.703288
9.849156,5.2401524
6.4002733,6.706109
7.994349,5.9112196
5.2949758,6.3293076
6.7091737,8.364175
4.8958693,3.9636052
5.010159,3.5465958
3.8308768,4.5298567
9.2895355,4.790668
7.1987276,6.7002707
2.1563356,5.327247
7.5820937,2.534294
8.494684,2.4530168
8.532994,5.9503474
6.9837084,3.2814856
4.236229,2.8053796
3.9604797,1.8105611
5.0731974,6.4064145
6.706836,2.056762
7.900957,4.2364116
8.804717,6.397926
8.866486,2.302551
6.2182846,5.821736
7.8000445,4.6196275
9.726815,5.5226345
3.9521692,5.7546697
9.383775,3.7903657
4.6401896,4.710095
7.375209,3.9081585
7.4557915,3.8509178
8.553849,2.211795
5.854949,4.649496
6.6088367,9.7940855
8.96409,8.006188
8.460605,4.141892
5.478596,5.344186
4.080703,1.1098821
9.629895,4.945313
8.306682,5.3607078
4.377813,1.7062119
9.113065,2.8106153
7.6898694,6.66603
6.348766,5.7170105
6.8390083,3.6030838
6.307688,2.6427846
2.6443214,5.444583
9.60219,3.3781333
8.973998,2.8203943
9.615879,2.7969618
6.8422904,4.535601
5.5449533,5.4758306
8.257708,2.9001856
7.4401393,3.9412146
7.8973193,6.600524
7.3241677,8.05982
8.295115,2.6926308
3.0750947,6.086002
7.356508,7.6869574
7.208457,5.0752897
3.164212,5.7433457
7.1858444,3.7558243
4.813065,2.9187229
7.371448,7.035318
6.08665,9.130044
4.7387576,3.9646494
8.795496,5.6369686
7.531119,9.0839815
4.548346,1.2346103
6.3352876,6.9060764
5.823124,3.4958084
7.8742585,7.88484
6.7346344,9.809848
7.738589,4.490306
10.257361,4.6843286
8.757872,5.267127
5.3383,3.7537546
5.734139,2.6475446
6.5391808,4.282987
7.3006153,9.44559
5.493262,4.4967256
6.907109,8.662701
5.4579415,5.6957397
5.741399,2.8200135
6.699285,4.9159956
7.6299663,3.4360814
7.5668674,8.321825
7.7705965,9.297837
5.836867,4.9605627
5.671838,1.6236917
5.1815934,4.106934
6.691451,8.567537
8.485976,7.1966743
7.0052047,3.445797
9.567735,5.5522246
8.703304,3.6016686
5.1549616,2.3569627
8.754519,4.8819013
5.010809,1.335718
7.2510643,4.0021534
8.0366955,3.5666027
10.443466,5.0224466
9.03487,7.2654686
5.7667546,1.8373345
5.8772264,4.4489565
7.8501635,3.122099
5.289136,3.7779005
6.454066,2.671021
6.089085,5.2625017
3.9102397,1.9249083
8.664692,8.844704
4.032734,2.3927689
4.4347305,2.8858159
7.1632533,2.0239518
8.51472,8.149238
7.848878,5.298832
7.3411775,1.8260485
8.565874,8.505852
6.371436,3.8316264
4.5441003,2.6563685
5.1756954,4.500813
6.8013763,4.453325
8.484351,4.583985
8.654027,9.59906
8.830587,8.375331
7.1332707,8.756479
10.489776,4.487757
8.141532,5.0360847
4.24169,5.708562
7.380846,8.425834
6.6221747,9.591808
3.9150655,5.8616276
8.36123,5.8246713
8.071196,9.554455
3.9554434,2.0965405
9.74346,6.2548366
7.0035596,3.1797233
4.0477467,1.2290944
7.3549705,3.959085
5.48875,3.8932514
6.3922358,3.7977214
7.392966,2.2654843
4.7465677,2.060221
6.4518886,3.01716
4.7011576,5.4120417
4.432145,5.6346545
10.047534,5.4182534
8.875828,5.0136247
6.4269676,5.867529
5.6121006,1.6085984
9.642582,5.710186
5.871945,6.3096757
5.9908776,6.512239
3.7217212,5.3518643
9.140122,5.956912
8.319778,6.0790906
6.1935906,5.8558073
5.939176,5.377822
9.094018,2.7545996
7.641468,7.3077273
7.1077976,6.3896375
5.899492,5.378946
8.3668785,8.611365
4.3062124,2.183478
9.504704,4.925026
7.4865456,2.265525
6.9247837,9.085312
4.4028473,4.6347275
8.1167755,8.851582
8.026607,2.3767402
6.372909,6.371913
2.780815,5.247218
5.765659,5.020809
4.4722285,1.6279734
8.137299,6.6565986
5.8166184,2.9722998
9.299325,3.1635003
6.59979,9.683045
10.335217,3.6505308
8.649822,3.9009266
2.7100496,5.224497
7.6834145,3.8333848
10.023919,5.0755324
7.3940735,4.040658
7.2805357,5.87047
6.379224,9.393257
8.446667,9.369516
6.230042,4.904233
8.630523,3.0521507
7.3235483,3.9313731
9.486607,5.9984436
6.404348,6.0905724
9.397005,6.1476955
7.5496855,2.4496453
6.9133887,8.852779
5.1171603,4.0055456
5.2589197,5.0676336
8.295657,3.9668264
8.089367,9.556545
8.000472,2.0498955
7.9728136,9.740355
6.808966,4.1234818
3.5695274,4.636889
5.788391,8.430415
5.475115,5.9348707
5.940735,2.3702197
9.023063,7.936496
7.440061,5.089256
7.589356,4.7469654
6.827667,8.921333
8.572579,2.862558
7.910625,5.03636
7.9878244,8.234037
8.869077,4.445914
6.9495444,3.906562
10.247622,3.716464
7.8040824,6.4605117
4.6457686,2.7476156
7.7556777,3.6397717
6.66617,7.525726
7.3819375,9.749588
7.4518056,2.1684003
5.440449,2.4190264
7.226449,5.899085
5.876932,5.4513144
7.8750625,6.1520557
6.21179,2.9690506
9.684264,5.616463
9.055662,3.9278913
8.935414,2.2394335
6.1179533,1.9493271
4.967398,1.2390938
8.145837,8.051261
9.186454,4.5384073
8.756049,2.8974524
5.0077095,6.6637826
7.44665,4.3845367
3.310192,4.604993
6.100821,7.811239
6.579788,5.7898216
7.6907916,9.013341
6.073068,3.5595806
7.0937333,1.917746
9.347882,4.4454
9.735697,4.7899427
6.2997265,4.5318856
8.033143,5.121286
7.5612864,3.0041149
7.0749125,3.2671413
2.3332746,5.787581
6.6026177,3.717872
7.0312138,2.8317971
6.5996695,4.5925694
10.105006,6.3860207
5.376394,6.378383
2.49162,5.969179
7.3393016,2.5640907
6.8421702,8.178915
6.568311,8.7219925
5.9588604,8.484517
6.5673923,9.530219
9.935478,4.3337193
9.755242,3.6762972
7.534643,4.3255606
6.196863,9.653998
8.440874,4.327217
6.4290867,3.6085718
7.6299453,2.3146837
5.704251,4.6896405
7.85799,2.3030007
8.028264,3.0841236
7.8530574,2.7168567
9.2642765,4.9497886
8.3452835,6.4471273
9.86364,3.3631449
5.5328393,4.9001455
9.386126,3.5968573
7.7879725,5.558087
6.3673186,5.2124157
9.962449,6.24662
5.895207,8.229592
8.264578,9.000078
9.383286,2.9105854
6.768741,4.386266
6.412209,2.9121993
6.1484437,5.978728
6.0694003,9.1846075
8.452315,9.314483
6.0916643,5.4990997
6.382025,3.1634486
3.6681144,1.6136814
5.6334796,5.3704867
5.74757,6.026687
3.8005028,5.700738
3.7388086,4.5100985
6.845765,2.845875
7.067786,7.4553456
7.820572,4.5741024
6.576514,9.069613
6.443418,5.8717885
5.710057,4.956452
8.458767,3.9860232
9.248172,4.699453
6.760298,6.6884904
7.6124563,8.547819
6.6610365,2.4343698
7.7606244,8.861929
7.323139,4.8049407
5.537207,5.2289314
6.5438147,7.153808
5.67891,5.266629
8.816346,5.66786
10.242553,4.1374316
8.812858,3.0931394
3.9358685,5.302216
6.737839,4.364943
8.308278,9.760383
8.536068,5.302852
7.860753,7.583122
8.336504,4.1923738
4.793922,1.8827628
6.850187,8.80595
6.8360953,6.1795716
8.538095,3.9594526
9.000456,2.370097
7.0269394,6.8131022
7.7516446,8.438065
7.007386,9.109849
7.035169,5.8398576
8.826797,4.2341356
8.112047,3.1129725
7.3489203,6.3228097
7.452052,7.9527483
7.9996977,7.347967
6.045118,4.2194834
2.3355937,5.7566724
7.9255834,8.317125
6.9491997,5.7033534
5.2904663,4.4851446
6.945352,8.221135
3.2133062,4.9264545
7.6934595,3.4581232
8.615139,3.2770562
8.806846,3.210366
7.9621115,3.5447795
8.360131,6.569127
7.51838,4.3949056
7.9688754,3.5621507
6.703414,3.09709
8.978836,8.274125
8.125875,2.7941396
6.621103,5.456099
5.0057244,5.492281
6.5562863,3.0219402
8.689489,7.8918543
9.722021,3.441581
7.780768,5.9686337
5.8894377,2.151619
7.3829465,9.381778
6.690771,3.8989677
7.878789,3.3238037
8.281332,8.849854
6.737689,6.9802976
7.7861543,8.046621
8.372066,4.268636
4.6295943,1.8799701
8.993124,5.1201963
8.774206,3.8920128
8.048772,1.9373045
8.15758,3.0716825
5.916204,6.4623423
4.2629833,5.7533665
5.6189594,3.1574273
6.473428,5.4096503
3.9845407,2.4801598
8.105836,9.890125
6.5747485,4.38433
8.600072,2.667365
7.715962,5.668911
7.5529246,2.100319
7.866261,5.225205
6.21109,5.4706893
2.680862,5.314988
3.7759924,1.9558139
5.8924413,2.299872
8.610133,3.7057507
8.75339,8.224709
5.455759,5.0025945
6.422407,9.637491
6.1467533,4.414883
4.82925,1.181294
6.3736696,3.416612
3.3142123,5.6498456
8.348907,9.4253025
5.9423294,2.5682423
5.3638906,4.3427672
6.489012,3.008574
7.738362,6.591303
5.221237,2.964952
8.598539,8.74547
4.628632,3.2430706
4.6519933,5.5586176
5.8335075,5.711178
6.5339003,8.468495
6.870082,6.933485
8.254098,2.5047543
6.3564224,2.7316322
6.2948227,5.4911647
9.537669,4.0724077
6.5932565,9.068539
7.5368304,8.964936
6.4745197,6.4277735
6.373458,8.276616
5.0956407,3.1183288
5.784184,5.259848
6.777185,5.371505
8.251366,2.2629957
10.098529,4.748512
10.597521,5.770504
8.744761,5.909026
8.120263,3.1846514
4.4915495,4.332602
7.398223,5.8367887
2.9689693,5.112819
7.933093,2.290263
7.9193826,4.908735
7.4320383,5.6652584
6.4496202,6.6184196
6.032778,6.2507777
7.631148,9.347004
8.7845955,4.653637
9.270249,5.9320245
7.221512,2.5565252
5.841842,8.850259
7.509857,6.4168262
4.1385565,2.2008111
8.982332,3.730399
8.870173,4.850238
7.745288,10.300644
9.265261,5.2528133
5.2307973,3.212101
5.2850695,1.3892035
7.8985467,3.3902285
7.1840177,2.0514684
9.283949,6.195176
7.931203,6.7927217
3.3924928,5.4091516
8.693471,7.0210667
9.674937,4.549643
7.2409267,7.712247
7.350537,6.5325365
5.675707,3.9637125
6.8810644,8.644304
4.9732656,2.9953249
7.038377,5.3732915
7.9621863,9.139183
7.7020054,5.6934204
5.2326035,4.8152895
9.2751045,2.2639232
6.892608,6.793245
10.134094,4.3745036
6.0926914,6.651713
7.2153115,9.862027
6.5863366,6.489228
7.457179,10.420374
5.8750453,6.1315823
7.8666825,9.73584
7.3392143,3.1334033
4.952068,3.7537632
6.1195126,2.7770822
7.7634716,3.570658
5.068961,6.0385594
8.571095,3.9750679
5.3002186,5.2397256
5.752082,7.1781244
6.9718785,5.109336
4.8500624,1.7594893
2.656775,4.6867785
8.031569,8.972766
7.436733,3.3600757
5.662775,6.9226584
7.1156735,5.437335
9.665005,3.7047374
6.2899013,6.2743073
8.1365795,8.000065
6.895583,9.484888
6.260444,6.385994
6.1589055,4.8282533
7.412573,3.1110258
5.1352143,4.5192766
8.309009,8.299102
9.382389,6.979614
6.5937953,5.577396
7.531352,3.1820846
2.328983,6.0786667
6.404938,2.0361974
7.5175934,3.7541814
5.5729012,6.79117
8.053634,9.478025
9.978456,6.028811
10.020182,4.145973
7.934869,10.154976
9.348088,6.8255057
4.849386,5.6080837
8.106096,9.88328
9.519997,5.556228
6.415846,7.1570296
6.7386312,5.6895046
7.345037,5.2032003
7.7128367,4.398536
3.4371939,5.2881026
4.0325713,1.6274807
7.8709717,5.015392
9.479259,6.137459
8.560284,5.786293
9.98606,5.667106
8.245093,7.931095
6.6787214,6.159009
5.996012,2.2985475
10.053902,4.642485
8.167149,3.6350071
4.5572076,3.5116398
6.681975,7.8684134
6.2553177,5.0876484
4.5007052,1.849207
7.0471344,8.217181
6.2824244,4.562268
7.015866,3.5948358
6.501715,4.208128
7.23938,5.6670775
7.315183,4.153087
7.1967373,9.642833
6.1436725,9.467568
4.577048,4.643226
8.946892,2.9284592
7.7482,8.045718
6.1015544,9.717265
7.534147,3.7380488
8.625383,6.0364037
2.2661884,5.5484867
6.1517262,6.2532086
5.9372725,6.923802
9.615448,4.4133883
7.4488473,1.733495
7.5007067,5.438422
5.798904,8.851964
6.6948314,9.983968
8.962787,4.692242
6.08109,5.646839
2.9087684,5.281863
8.583932,6.177911
9.507493,3.9095764
7.4559865,2.9150558
8.787538,8.32846
8.583492,9.248306
8.09761,3.4575236
5.968355,4.916258
8.035003,5.9341564
7.1616454,4.2513146
6.8533077,3.1250083
6.934701,4.167881
6.694859,4.241525
8.079704,5.489457
7.8260655,2.017151
4.739217,4.716105
6.1624727,4.8749266
8.559453,6.314281
8.239869,5.7449102
7.457636,6.106144
8.290075,8.569766
4.1366897,1.8459603
7.029683,8.186577
5.766698,4.939017
8.222864,8.28788
7.0629396,5.5481815
7.708426,6.1822467
4.165124,3.1915681
6.2483993,5.3719993
5.569229,6.1949143
7.5371394,5.3737316
6.524267,6.705953
4.767688,2.5829074
7.6350126,2.2400303
9.714696,3.2111201
8.654905,4.604408
7.6164956,4.4844427
5.852558,5.294564
5.814587,6.7762733
5.803829,5.511894
8.337842,2.7845552
4.6395655,3.1385412
6.064377,3.1326904
8.054188,2.4328563
4.36797,1.5526505
6.310696,4.5851703
8.263609,9.486667
4.713,2.7837293
6.256591,8.2403
7.846036,5.186127
6.982398,8.707042
9.442851,4.488726
8.212693,5.4974627
6.883895,5.1894064
4.9358845,4.57208
5.5555515,6.0995526
8.340989,9.517644
8.91668,5.425998
7.088595,6.2600293
9.936625,4.3229322
4.4528437,2.6437247
7.275739,5.4073415
7.3087525,5.021197
7.3801613,6.5608897
5.8175015,6.4733367
8.31145,4.1514325
8.232158,2.3230286
4.0001836,2.259936
6.8747125,2.1317554
7.2403784,3.8479059
6.669663,8.773996
7.0339236,6.0280724
7.174637,3.3155956
7.261698,3.2001684
7.609302,1.8601354
8.274999,4.8128176
6.738307,4.076816
9.061077,3.8796258
6.2839236,4.5665345
7.203253,9.554335
7.815689,5.6188583
7.961034,4.9224625
9.171972,3.4524992
7.7574735,9.260576
4.95763,1.6333158
5.0456247,2.0756571
5.535648,8.637015
9.106963,6.5499177
6.2584944,8.253439
7.329252,6.967313
4.5818167,5.0871615
3.405885,6.142095
5.401674,4.098608
9.06673,5.6066594
9.183995,2.9834566
7.692787,9.349372
9.418133,4.660385
8.305829,4.41237
4.0940576,4.2827983
6.903227,3.3638182
7.962949,7.876174
7.919858,4.984018
7.266914,4.1059766
10.056916,3.9064057
9.14291,8.0019
6.1162043,3.538632
5.755383,3.9808834
5.3047457,6.551182
8.962501,2.6323001
7.385022,7.401497
4.1778536,2.183521
7.495913,5.1805663
9.634932,5.9026985
5.569639,4.7223105
8.833473,4.9610405
8.39511,6.781387
5.3665237,4.465041
7.4075546,5.19957
6.546014,4.078671
8.647356,3.6739879
4.430726,1.4145238
6.65292,5.3707986
7.1280055,8.175492
7.6678085,4.856547
8.738991,3.1423347
3.3496418,4.831816
5.759564,2.671916
9.913559,4.431022
7.9799395,3.175057
6.7431393,8.611612
8.194169,9.161038
5.6612935,5.728133
9.7976265,5.3091474
7.8058786,7.8584523
6.359543,3.7259324
5.377343,5.613002
8.3330765,7.3154554
7.0569863,7.1018
8.869988,3.0856636
4.27616,5.8991575
7.2660947,7.3368773
7.699425,3.183043
5.490977,4.4725065
6.1805024,5.8868766
9.261836,3.9902837
7.596091,7.233883
6.046458,3.167004
8.750047,2.3063297
5.5506005,5.115059
5.7303944,3.619071
4.408144,2.4860256
9.536779,4.3921704
4.204203,2.0762184
6.908038,7.495284
5.8328805,4.5173035
8.521465,4.784074
5.946833,5.160677
4.236658,4.3486056
8.375653,8.107044
8.836302,4.9829607
5.8124495,5.880247
6.714398,6.1217623
8.650661,6.422979
7.191957,2.7518795
3.750002,5.590491
7.976216,8.490704
6.4315057,3.5030591
6.75851,3.9474783
5.9172378,8.092356
3.8454926,1.37733
2.9726725,4.867925
6.4175377,5.154999
3.710138,5.8663664
6.877187,10.049598
8.396928,3.3827457
3.8421266,5.7424803
8.26886,5.651012
4.5186915,4.5204315
9.822619,3.6194656
7.367295,6.099594
8.423236,6.2455354
7.716344,6.7370887
4.781277,5.0128474
5.9756145,4.803092
7.940994,6.480993
7.564812,3.4927669
9.660833,3.9616635
2.2962205,5.0451574
6.6733594,6.4233766
5.9420757,5.3048315
6.0229044,4.2574487
6.707628,2.947052
4.635879,1.2434033
5.1056433,3.3219945
7.7449603,1.8462297
5.4985294,4.215153
4.2592654,1.2547834
2.666263,5.0991096
7.976449,2.9925263
7.679413,5.0158343
7.6438265,2.6026497
6.0414495,9.008798
6.2232366,5.262639
6.657995,7.8868203
7.231203,8.79034
6.978574,4.8792496
6.6273804,10.015177
3.750777,5.3611755
7.601483,9.881014
7.637072,6.1370635
7.446482,2.932171
8.356564,7.270448
9.718305,5.430886
8.0724325,2.364279
7.680144,6.7515616
6.889872,3.6036398
8.6205015,8.411767
7.3788795,6.4060736
8.591735,5.204991
8.054966,8.20714
7.6009793,5.958133
4.266503,2.273132
4.598719,1.8559564
9.139248,3.6406667
5.2393866,5.339874
8.17444,3.1557422
6.242075,5.1012073
8.115842,4.889607
7.223093,8.3211975
3.866224,1.3684475
6.761975,5.012411
4.028185,2.1588736
4.8490496,3.5104005
8.701904,9.2315035
6.334471,3.7294557
3.852892,5.6655765
7.3751774,8.646683
6.060017,3.9854755
6.5493956,3.8849764
4.7371426,1.1364373
8.709826,3.4541798
7.4963856,8.306732
6.5813384,5.018421
8.708444,8.549364
5.9336624,4.014488
8.199895,6.941018
6.8757367,7.814078
5.027523,2.1698637
3.973901,5.4593496
7.3018274,9.376055
5.2543077,4.0118747
7.445988,9.660064
8.132115,3.2711616
6.8489366,5.225934
6.248088,2.683346
8.314855,8.944727
3.7670949,1.9599593
7.728401,8.123738
7.934721,2.701643
7.972552,3.5212831
2.6120296,5.56591
5.2502217,5.679467
7.1934953,6.0354667
7.545822,5.8373795
6.940015,3.8606417
8.7583275,3.9285169
5.736217,7.4532113
8.403033,6.1641307
6.9679914,2.829121
7.192325,2.3751032
3.837744,4.230663
4.7945223,1.3954729
5.042227,1.5624756
10.190367,5.0934153
6.753133,2.42443
6.1223555,7.277201
4.558797,3.3835795
6.7188563,4.936641
6.9337325,5.6108375
6.186846,6.441857
4.913316,4.9172173
5.643076,6.6061635
7.310761,2.167931
4.777605,6.544013
9.875416,2.865204
8.896464,2.6230547
8.835389,5.157373
5.332282,3.9019747
6.1740537,2.3898327
6.822625,5.315225
8.321494,4.4311476
6.349244,6.268664
3.0048828,5.436783
9.510357,5.91287
7.7429943,2.684017
8.265631,8.357153
5.115955,5.4204516
8.167065,1.8143004
9.307961,5.6450925
7.932207,8.335852
4.840337,3.3799853
5.666728,5.9373817
5.719721,5.326859
6.686845,8.558501
5.561126,3.7552862
6.3640723,2.6606717
6.4390445,6.1658416
7.7798247,3.121043
5.536906,6.154253
5.47669,1.8352747
9.177935,2.9394681
6.058064,8.204561
6.43041,3.69149
6.797803,7.4929614
7.571318,3.7710164
5.573096,5.9500823
5.540793,5.4961343
8.982929,5.6066837
9.099399,7.9121842
7.9356594,3.4356813
5.523798,5.591895
7.447482,9.856837
8.96658,5.821665
3.014329,4.6404524
7.133578,2.804563
8.375727,4.0675673
4.2379527,4.981391
5.1898103,4.098996
8.85481,2.9145086
8.175527,3.9351606
7.170952,10.09884
8.4502,2.3316193
2.8957112,4.6338577
4.6721053,5.637837
8.602355,8.68811
8.174557,7.899219
7.4264493,4.6495295
3.8495703,1.7406037
6.8699474,3.7745266
8.185716,4.7801356
7.160475,3.5973778
5.8903155,2.9417925
6.384725,6.2486215
7.0806026,2.8528466
7.6198163,5.1980457
9.326889,5.4624195
4.8919344,3.009431
6.4171305,3.470175
4.1557164,2.346914
5.306796,6.803466
6.8353276,4.6382313
5.872737,6.74965
7.813499,3.7330587
4.959128,3.068603
7.15725,4.528202
6.418061,1.9238555
8.722501,5.161097
7.418914,4.7652526
9.657488,4.535131
6.1510816,6.8090277
7.196226,5.1940303
8.0470085,8.568463
7.294203,3.9435384
5.1719384,3.1332326
5.4407396,3.7471673
4.5428557,4.073352
5.1231523,3.0520425
6.4976087,6.277162
6.5356092,5.5264435
7.5434747,8.733772
5.317395,2.1511946
6.3536887,4.3204165
7.6565375,4.6056476
8.977271,4.627704
5.3862343,3.3287737
8.885853,5.377267
7.2950587,1.6936655
7.041612,3.5488062
7.678575,6.082736
9.465015,3.1465907
3.2808967,5.343895
4.368092,2.3609116
7.398462,8.3944025
4.9640126,1.5802405
8.199938,2.300061
8.259551,8.386148
8.430734,4.132327
6.9096785,3.4331036
6.724607,3.3746653
7.1144204,3.6518514
8.129732,6.0885983
8.1973,3.5590348
6.4226823,4.557228
6.550985,8.275613
7.603469,8.186529
5.1169524,5.7201786
9.30646,4.815005
7.635854,1.7898836
9.934105,5.533683
7.421693,2.3092017
6.9809737,1.6279488
2.5162814,5.543294
6.618742,8.6482935
8.708084,8.175335
4.518335,6.1565013
6.770073,3.9661436
8.102401,7.495537
7.0385113,2.7208633
8.023823,6.7707844
8.814502,5.539102
5.1124864,4.79382
7.939421,9.446608
6.0532913,3.2559288
5.8160553,3.353637
6.516833,3.530647
7.141225,9.25777
5.2530246,4.4586854
6.69867,3.725979
6.8670664,4.743949
6.2025533,4.3922787
5.696161,2.5496054
7.5863695,4.791603
7.504736,4.5262423
9.49736,4.8362675
9.171134,3.8363323
7.225005,5.9034038
6.925347,6.652498
7.7280354,4.747155
8.03666,5.8493624
7.3976293,7.760061
8.043638,1.5383761
6.52454,5.683055
5.840153,6.814002
9.235623,5.8720446
7.662349,8.745404
8.758582,6.054619
3.0906897,4.971103
7.5315623,8.252378
8.757852,4.4658637
7.5243325,3.20073
7.518684,4.2769356
8.726737,2.8747427
7.692094,3.6554623
5.382083,1.2449807
6.7222323,2.3167155
5.027344,3.7736807
7.328092,4.9151406
8.249156,5.182732
7.2811074,4.8046827
5.843924,7.1151094
7.8749323,3.1981215
5.4803114,3.2203925
7.230208,4.0717187
5.7027917,6.1376476
7.5822725,5.213607
8.414822,2.6571476
8.743159,4.394967
6.833524,2.502155
6.4996176,4.9973936
5.9575906,4.5580916
3.9249353,5.906375
7.2605705,1.8135616
4.3967924,2.6574075
10.104753,5.8820467
7.793996,8.456193
9.29443,3.7575898
7.4147305,2.8500888
5.6129584,5.6978884
6.861773,4.936917
6.909118,5.483907
6.778274,5.209721
3.400149,4.508841
8.058284,4.3162756
8.443256,4.929161
7.2923064,4.7054753
8.730428,6.4839354
8.455213,4.584264
9.877589,3.0429337
7.108723,5.829429
7.4227786,2.5817873
5.6623216,4.1495643
8.947752,7.4633675
4.6061115,4.6756163
7.387961,8.133364
9.662598,4.598546
4.602681,2.913132
3.9637358,2.0253263
9.802325,6.672134
7.0907917,6.843126
6.079851,5.9299693
5.517911,5.2823987
9.35256,6.129146
7.8345604,7.7521963
5.3383436,5.791023
6.610829,9.329675
8.066843,9.100077
6.193534,4.511642
6.991659,9.64687
7.2773333,9.487937
4.595105,4.7311926
5.8157244,3.943274
9.166518,4.213484
5.9636874,7.0044956
7.758062,6.3918023
6.695946,3.7390654
9.170026,3.6058109
9.085455,5.291424
7.099818,2.687768
7.9392858,8.551655
7.720323,5.663264
8.445652,2.3443284
8.327754,5.905715
4.39976,3.629657
8.461713,3.2592888
6.6537247,6.754658
9.038364,4.985597
3.048226,5.1934977
7.1331096,8.1211605
6.9256377,2.500731
8.028356,5.532848
3.7933316,4.1113915
5.689449,7.763148
5.8425136,5.984025
6.777304,8.619984
10.298936,4.934134
5.8232145,6.0680304
6.4475656,7.467707
6.1235104,9.567235
9.563998,6.4779367
7.9593787,4.1400485
7.7403145,4.2547984
6.0814214,5.7037315
5.836552,5.9365816
6.1391687,2.269903
5.6921744,3.4475183
8.876713,8.594498
2.9061794,5.2355933
4.5836673,4.5316796
7.4104214,6.3494816
8.985567,2.642349
7.7206345,4.2001076
5.6276326,1.6920834
7.2353973,3.761567
4.2536306,1.1140188
7.885372,6.9220033
5.28146,3.2710185
6.601913,2.2998612
7.94822,5.580818
6.319435,3.0922804
8.170675,3.2936459
7.7915535,8.700072
6.45368,5.730633
3.284507,5.099083
5.6815686,5.7214947
6.9845486,2.6344337
6.6289167,9.384565
9.270782,2.4099483
8.0583725,4.0562353
8.387476,5.234938
7.856847,3.4484947
4.29775,2.8054085
5.356357,5.183847
8.009197,3.486507
7.912272,6.351506
7.6499333,5.7342634
6.866893,3.787777
6.323101,6.0298567
5.012291,5.7812734
7.4082603,4.018579
8.734287,9.148233
6.059217,6.213344
5.210635,2.1234984
7.9805427,5.523118
7.7467513,9.921481
7.3231215,5.715819
6.213837,2.2775385
8.95236,4.717365
2.323514,5.657444
7.980494,4.5815516
9.311762,4.5956383
7.072544,4.826506
8.601485,4.4387045
8.129706,4.699062
5.5513625,4.895092
6.2027655,9.741729
2.7099724,5.2499766
8.874552,4.2790666
3.0252337,5.467963
6.3702006,5.94916
9.458114,2.2471702
8.622622,8.510081
9.026579,4.741088
6.9937572,4.3987746
6.661577,9.319932
8.346034,4.5855956
5.5432887,3.7408276
5.413108,2.859962
8.45515,4.6807666
5.0870275,4.567509
9.188651,4.4378357
7.0769753,4.0174923
9.4873295,5.428115
3.4674237,5.278746
6.1457324,2.8276296
8.471121,6.376462
5.669853,5.776065
7.909955,7.5366535
7.7661657,3.0310104
8.203391,4.901617
8.245037,4.720665
10.159067,5.1387877
5.201048,5.119009
6.7815065,4.314447
7.194917,4.8663354
5.543192,6.671142
8.313862,6.3489904
6.5381923,3.5970578
8.750593,9.424877
6.314807,2.5835552
5.6528063,2.9254167
8.876672,5.3496532
7.0975933,7.423457
7.618395,4.7829266
9.533146,3.9715228
4.1525807,1.5084271
5.9824347,4.1492796
9.345534,5.7453218
6.7935724,4.425813
5.206965,5.177198
3.8672903,5.2594547
5.7980213,6.3979406
7.2056384,5.891879
7.7821364,5.7659693
8.551661,2.362791
6.77644,5.200792
3.8022041,1.9869717
8.209875,3.9465327
2.6797647,4.848967
7.9665055,4.4898796
6.5322647,8.677892
2.5030696,5.7397623
7.670311,4.824928
6.69592,7.985731
9.107221,3.559739
10.176206,4.5607543
8.505142,4.920191
8.808509,9.166752
5.810683,6.6772237
9.062942,2.8721743
6.898512,6.8044724
7.0011234,5.176015
7.237071,4.3322654
6.6270294,4.186974
8.728186,4.646824
9.199803,9.411759
9.192321,2.5316281
8.136355,9.547076
7.445504,9.917126
7.1839814,6.714969
7.6405554,6.3460355
2.5016348,4.973446
9.3113365,4.576002
5.1218615,2.806008
7.5351844,6.007658
9.374995,4.181247
5.850097,7.5535016
8.203016,4.6216035
8.098705,6.7129087
9.9147005,6.009241
3.954059,1.8667568
7.8650956,5.243981
8.398064,4.7267404
5.629575,5.897008
4.837882,2.0499737
7.597496,3.8506703
7.3258653,3.6099868
8.9877205,8.485843
7.8587375,3.9888825
8.385187,7.9533978
7.7237897,4.020203
3.2196517,5.1780086
5.793675,1.7391877
8.6671295,8.8114805
7.5293837,8.634557
5.200312,5.007619
2.3502543,5.1068263
6.6327767,3.8757532
5.2884436,4.716001
7.8023744,5.2455015
7.6712236,6.7886333
7.001115,4.6263843
5.63854,6.07746
7.1302247,5.9655647
6.2307124,2.4284792
7.795727,8.047255
5.5218577,2.6856194
6.162007,4.654958
9.525367,3.0328763
7.417693,5.529946
8.873262,4.917787
6.778705,4.105388
10.173342,4.9517813
10.179312,5.913821
7.980049,4.0512905
9.2482195,4.870126
8.342603,4.06735
10.2867985,5.239838
2.8509495,5.665033
7.3000817,6.624438
6.7720203,7.70328
8.038004,3.772818
7.29937,9.503021
5.2595296,2.8142939
5.9040895,2.054856
5.6588783,7.6389637
8.504387,5.934552
6.757856,4.697043
8.557625,2.3033578
9.4921665,3.8374946
8.4799185,6.114501
6.46929,5.926261
9.523209,5.4617496
8.983829,3.5386474
8.501547,5.049436
2.635691,4.978953
5.3287096,5.045919
3.8118083,1.9419144
6.526183,4.8985457
1.8923153,5.823163
6.1174183,4.776642
8.637016,6.833515
6.5433784,9.01813
9.872504,5.611483
8.217845,5.7499228
4.8707786,2.3472996
8.775016,3.6997132
8.242895,5.405405
5.7126126,8.945005
6.767388,10.123683
4.022016,5.575901
8.39462,3.9500496
7.178773,5.8840647
6.423439,6.253001
7.08273,4.2074666
7.6628885,3.4983222
5.1298366,5.972576
7.6260896,3.484214
6.0716295,4.4371247
9.223293,4.5437284
7.200769,3.6893976
9.721614,4.4357505
6.696814,4.8625135
7.7958155,6.0160728
7.7563763,4.181691
6.268008,6.1610394
5.875311,5.315932
4.4356823,1.3579013
8.521577,5.5368366
5.2661695,5.747315
4.735375,2.4944549
9.993783,6.111142
8.595016,5.8347163
7.947467,4.9567766
5.5838203,4.107384
6.8300343,9.697096
5.7646527,5.512653
7.4508686,8.726077
5.5669255,2.6815534
6.759107,3.4183874
6.249104,9.210825
7.3260856,4.671272
3.1225965,4.895738
6.833218,2.4846942
2.8840184,5.6476464
7.731534,5.812414
2.0686786,5.923403
6.484485,6.0241647
4.504831,3.6785328
6.8253064,8.713004
4.9202967,2.605881
3.5357175,5.1477537
8.628257,6.2281127
5.418904,2.0427914
7.127937,4.5413284
8.046271,7.3317175
7.3725758,4.0292745
9.175458,5.4736094
2.4065192,5.174702
9.693604,4.842939
7.7732077,3.048328
7.093168,6.019958
7.7423477,5.9810038
6.059772,3.3937151
6.6387615,6.6678762
6.0257783,7.158636
9.443933,4.1024165
8.739658,4.5861897
10.094583,4.8591495
9.64471,5.2703876
9.078763,5.9866247
6.831622,7.733775
8.344024,5.7564616
4.9193,6.4908853
8.854323,2.8513415
6.4912314,4.9836526
5.8220096,4.0441794
6.7825894,5.46311
9.89069,3.673264
7.202498,6.267222
7.314044,4.0415297
4.5793433,2.3220718
8.859558,7.349871
8.638015,6.3967304
7.8127265,4.394771
5.994443,4.607294
7.35547,4.4781313
6.905017,4.1975865
5.374103,3.1704285
4.441266,1.1151462
4.938418,4.401167
7.839899,2.2459803
6.623099,4.674488
6.8607097,6.355843
5.977748,9.342222
7.9973917,4.423177
9.480999,3.4662395
7.9043455,4.657333
5.04393,4.754778
4.7664313,4.8440847
7.799149,4.6289163
5.611506,4.6874433
6.336884,8.127129
8.184516,2.8854153
7.4673085,9.921608
5.8718834,6.8220997
6.107184,9.616416
7.365562,4.883547
2.5066214,4.8757563
8.527299,8.916579
4.772214,6.2148695
7.108413,5.361187
4.3677144,4.1468787
8.0618105,2.8732672
7.9544983,4.9507294
7.7060423,9.359499
4.2380943,5.1357875
6.913697,6.5070615
6.548623,6.989866
9.048512,5.6020374
8.537599,3.931266
8.293372,6.9680824
7.124412,8.598567
8.931286,2.3218942
7.035444,9.238784
8.542294,4.7917333
8.373167,2.692113
6.834976,5.539173
9.167466,3.743284
7.961243,4.1461444
2.8748662,5.261074
5.8505373,5.68779
7.0463653,2.5640507
6.3565984,9.163704
5.9217443,8.366183
6.766808,4.61229
10.14828,3.9082353
7.5104227,10.114208
9.57994,4.4267306
4.2861648,3.44882
8.281882,8.399803
7.6160626,8.889851
5.8543315,4.323143
8.059527,6.0033154
6.0730643,3.466256
7.013885,5.95564
6.480504,1.9690136
7.0743904,9.025969
7.0702767,9.688958
2.509621,5.3418646
8.883682,8.974935
6.1292267,3.2064667
7.3829165,4.5261803
6.955634,5.0309944
9.28022,5.9260077
5.2919364,3.5114675
9.209983,4.801941
8.156615,6.1746373
5.9916735,5.204467
9.126152,2.4429183
4.935634,4.821392
6.1223955,7.000823
6.7624087,4.1198044
3.666141,4.63313
2.2266958,4.9446106
6.646451,3.7623956
7.717875,6.9265294
7.7996497,5.6047144
7.095319,8.629666
7.5882535,5.732707
9.061947,4.4994564
6.7159986,7.275542
2.6961577,4.7125688
6.923906,8.5172615
4.593596,5.723796
6.226824,5.3157024
7.274045,4.4989724
8.18076,4.1323657
7.4529986,5.5178123
8.585958,2.2724967
4.7123384,2.0129766
7.8201747,8.424715
8.962161,3.4576547
2.1139154,6.0849195
5.965422,6.0887313
6.537852,4.3751774
9.1569,4.4302444
3.9236434,1.4475629
4.852152,4.711387
7.7099442,2.517505
8.595883,9.28688
6.7303967,2.3740785
9.764182,5.1633887
6.965916,3.5572114
5.403523,6.523011
6.838321,5.282886
8.850557,6.0734468
6.593781,5.1263227
5.7442255,3.2086751
2.4326563,5.847755
7.3064017,5.849587
9.001053,5.696051
2.1265728,5.2382183
6.8709784,6.024665
8.369407,5.2514515
5.3675313,5.5352936
7.5926633,4.681329
5.809194,5.080778
7.8463974,6.2492847
8.737204,3.214162
8.861319,2.0925221
7.707397,4.6999207
7.3768296,5.6094203
10.273656,4.1636677
5.5267577,5.2324657
4.7822123,1.8218312
5.385913,6.232418
7.8846836,7.273494
8.6009445,5.6817055
5.3786874,5.392648
6.1978803,5.494083
6.2148495,4.1531982
8.9041195,3.8554888
7.9211793,7.796994
5.767559,4.5362496
6.4042172,9.275917
6.4912095,6.028295
8.146041,4.8555765
9.444582,4.2092957
5.9893227,7.8828254
5.9897957,7.476771
8.272446,6.4477754
9.456981,4.763372
4.5842123,2.0019484
9.0485,8.201962
6.7347927,2.9504445
6.2004085,1.5661194
7.1440587,2.2820535
8.281498,4.238322
6.662291,5.450222
6.3555236,5.036338
7.805163,5.983697
7.6056557,7.6738014
6.935965,2.4208112
7.128491,5.002968
4.4520226,5.764192
8.393494,4.317898
5.4624414,4.565363
6.2180696,3.9300265
8.349725,6.1347356
5.326208,4.803429
8.469243,4.0174594
8.811596,4.267923
10.358997,4.7482285
8.802115,4.9824204
10.274739,5.333745
9.054389,5.647626
8.546304,4.0713215
4.7504954,1.7526852
9.240776,2.8429992
7.419554,8.680849
5.0037103,4.6443624
6.621178,3.8685539
7.8765407,5.9526367
8.418914,9.254338
6.500655,6.12837
8.371728,5.743849
7.1318827,6.6108017
8.126293,6.960456
8.819757,2.790563
7.8771067,2.6054964
9.290167,5.7907023
10.543108,3.5951195
6.222968,9.068706
7.374672,2.3525765
7.8034773,6.3058724
5.399398,5.0535884
7.0260506,5.359388
6.0545115,5.9835925
6.961579,8.9365
2.1223464,5.7115946
8.968878,3.098656
7.0822186,4.3208423
2.5736997,4.8324194
9.91556,4.5862184
7.511278,3.4227946
8.449063,3.173089
9.165458,4.2503953
8.53762,5.951959
7.5679245,6.9982114
7.068618,7.1464186
5.1871266,4.3933454
8.119758,3.3671792
7.5642915,5.5959435
7.028847,6.021466
6.000984,6.1916423
8.043484,9.022325
7.769027,4.00493
6.7148333,8.36205
7.096377,4.6604695
5.90823,6.920961
7.427802,5.9218225
3.7902596,2.190048
8.174426,3.1668296
6.0082493,4.695256
8.327028,3.0043402
4.6298475,2.5040731
8.639591,6.350904
5.649213,7.5995283
3.0829775,5.7906995
8.434909,3.8019109
6.761765,9.376499
8.332238,7.6508393
8.790848,8.823729
4.371393,4.933775
6.616272,1.8716007
4.0743895,3.3667424
9.134372,3.6412182
6.5304546,8.00219
5.805266,4.992777
10.211638,3.5198133
8.696629,8.631732
8.241157,4.811692
5.9142904,4.7358074
5.9769177,9.5253
9.350828,6.173702
3.2271373,5.600122
9.955845,4.196253
6.8569956,9.7015295
7.3431773,3.5168045
7.274352,5.1780562
5.000107,5.1762686
8.693959,9.04245
9.454043,4.6439524
2.4318788,5.904373
7.8191204,6.6414165
4.6176906,4.1584735
7.0519753,3.0156808
9.100941,3.1567597
4.97905,3.683951
8.6353855,3.3415883
7.0447016,5.9554715
6.9157705,6.303467
7.4158893,10.055571
7.7555065,9.870647
9.403917,6.2995806
10.472206,4.7779846
6.7274613,1.9204054
7.67827,6.737658
8.580026,7.3540907
6.8578825,4.766672
6.660299,9.859972
8.09035,5.316439
7.664234,3.1954849
4.457175,1.8744624
6.940923,6.555387
5.897359,8.967846
5.94342,5.508761
7.835703,5.1227202
7.618794,6.132834
10.327151,5.8037624
7.8881383,2.1966581
5.6589994,5.116206
5.6227083,4.128694
4.1049037,5.2506886
6.5441675,8.771904
7.9688945,8.992262
2.1926763,5.3247743
6.7900867,3.415122
7.2874618,4.907999
7.769865,8.970124
6.5760956,8.7740345
7.2540956,9.653916
8.857125,3.3671694
4.590356,5.3731804
7.1216598,7.5688205
8.47691,3.7148864
7.9006057,3.960919
9.245955,2.857047
6.1115446,3.0402207
6.323522,8.887373
8.456265,8.1065235
7.0569143,8.601042
8.864984,6.7847443
6.937287,5.052176
5.9810343,5.3748517
3.8293655,1.8888634
6.460177,9.784135
6.0499244,8.019527
7.3803406,9.253654
2.924922,5.0421395
7.5637083,1.7178148
9.572634,5.1503224
6.693138,2.521169
9.105059,5.494507
6.6300974,9.286035
7.049704,8.663612
7.1202507,5.4038105
4.6586995,1.7052449
4.400942,1.1953847
6.494414,3.1463633
6.973502,2.335178
9.396616,2.4396856
8.127128,5.9715047
8.272411,4.596782
7.938841,4.004287
7.785226,7.787068
6.449265,4.784091
6.997968,4.2741585
7.0531516,8.850354
6.284746,7.931839
7.9634633,7.0608544
5.9005194,4.5687356
8.638151,5.128416
6.7476525,8.321262
3.0023463,5.7409363
7.7855535,5.012021
6.939366,2.9776757
6.2974496,4.9568143
7.0848827,7.980299
7.503393,9.999973
6.460129,9.062395
7.411507,5.5051847
3.0551486,5.540955
8.171327,5.3327966
9.79272,2.92564
8.22805,4.1810007
5.9428773,3.1304212
6.230157,3.5004086
4.3194327,5.435962
9.329142,2.967611
7.2995057,3.0527875
9.749539,2.7660613
9.124724,4.039357
6.417341,2.8329866
10.002125,4.020487
8.5541935,5.753314
8.057701,7.9900036
8.545246,8.566921
7.8020806,4.618523
8.027215,7.9181576
7.767293,9.333978
3.4454396,5.756296
7.3234715,3.5676293
7.218376,5.4530487
9.547713,3.6448693
9.046411,5.351624
8.200464,8.378559
4.935003,5.6977
5.6560745,4.9778347
8.4913,4.0314527
5.7433276,2.2789154
6.630352,5.9209642
5.829024,4.173518
9.509811,3.1693327
7.5585446,9.921184
7.543269,3.5876827
6.331087,7.4646525
5.1128974,6.4910307
9.248156,3.4888616
7.0458226,2.4495423
5.9321523,1.9198834
7.03035,5.5300903
8.92657,4.068828
5.280993,5.0404634
6.917092,5.971061
4.003104,1.6258607
8.893536,7.2934346
9.2516575,5.4664164
6.3952336,6.870362
4.0891347,5.134511
6.5510674,5.027871
7.639398,2.6904206
7.349454,8.846553
10.1407795,5.040871
7.101841,3.295719
7.9129553,8.412349
8.034951,4.298621
8.944096,5.5801225
5.26578,3.7251337
6.7204576,6.054477
4.324598,2.1595366
7.262357,10.219293
3.2781818,5.0269923
6.7075357,9.112464
4.851227,5.7303276
6.153167,4.802424
8.300475,9.565111
6.1710515,9.41081
6.803905,9.616888
2.7088246,5.894928
9.422058,2.8832815
4.106582,2.8526301
5.859608,2.5481906
9.915517,3.871211
8.8264675,6.749442
8.669516,2.6868703
7.9283814,7.57987
2.810521,5.5446534
5.4332623,3.4009466
9.13827,4.2984533
7.3802667,3.6934206
8.769841,4.984112
6.5250664,9.021431
9.78962,3.834872
8.066799,4.434885
7.788993,3.5860724
7.4445386,5.793038
5.529535,4.238665
5.532774,6.465768
7.979291,9.811294
9.480016,3.010686
8.517993,8.806815
7.945933,5.8717575
8.221062,4.2407227
2.8286915,5.7984467
8.227634,6.1551585
6.7632318,4.627047
8.901713,5.810635
7.1702514,2.7092805
6.606141,3.0419142
8.153899,9.297206
7.137761,3.5351884
6.359514,5.1479616
5.5043902,5.495553
9.403831,4.384442
8.1964,3.591462
6.6872334,6.919741
7.6562333,3.0061266
10.033189,5.0410604
5.2476916,2.5377994
8.737738,3.5803368
7.983022,4.7528043
7.257669,3.9318457
8.168687,5.261685
5.213109,2.8894517
7.4143357,5.6861935
8.667848,7.5285473
8.326071,4.416382
7.5775113,4.719569
4.074955,4.9285636
6.798801,7.544526
8.035358,5.787351
8.763767,2.1692424
8.952596,5.550225
7.4146185,5.3917484
8.610934,4.505732
8.472511,7.752978
7.1499,6.5482335
6.8219223,4.630582
4.215328,2.830111
9.134866,3.373825
4.753578,6.0201583
8.187618,9.502119
3.9234583,5.202293
6.632898,5.6721997
7.3180084,6.4167485
8.344825,6.260756
9.374648,5.50208
6.384685,3.6685987
8.814288,2.7045295
5.856822,9.200863
5.0714326,5.517428
7.788332,5.3718143
8.415174,3.9874482
3.4735045,5.582738
3.986584,4.3799806
4.5931478,4.0916147
7.392185,6.8698483
6.476308,1.9514405
4.662156,4.02411
6.266609,5.9554114
4.569747,3.776542
7.0369263,9.518879
5.0075097,4.1236796
8.485618,4.6493216
8.063904,2.715009
5.2908897,5.520642
6.594563,2.4906034
9.236724,3.4679258
4.235785,5.692488
9.1050415,4.5748625
6.3794346,6.4055147
4.4846787,2.435241
7.4570746,5.0849404
7.8697047,3.1421769
7.6391253,2.1410847
7.4211097,8.745522
8.492363,5.624081
8.434389,3.6837358
9.173653,4.4051914
10.098424,3.4089193
7.6132193,6.046689
8.871814,5.302315
8.014374,3.924109
6.496213,5.2866926
10.379833,4.2123723
8.478098,5.7439623
6.023395,4.3122954
5.629468,6.568371
5.4181786,4.82639
6.732723,6.862282
8.886964,9.316085
9.041961,3.7348666
7.4543242,3.0027676
2.5001333,4.9945188
7.817445,6.508113
5.1556783,5.9381886
7.6572585,4.9074497
7.1892695,4.7577777
4.6586165,5.566372
4.4240637,2.5935884
8.210717,2.3053935
6.3137236,4.0800543
10.013449,4.2460737
7.225566,8.783047
4.5790067,2.0273612
8.047282,4.1505513
5.6238985,3.3681934
9.026266,5.8318057
5.2137585,4.1670947
4.8299866,2.1750264
6.7549386,7.125888
7.086076,5.843357
7.8125625,2.4166548
4.66511,2.1086788
6.534444,9.894689
4.703122,4.262457
9.396033,2.5031626
8.216055,2.6890914
6.8310494,2.9792485
8.266156,4.788643
8.250531,1.854209
8.866479,6.330383
8.337608,3.218348
6.173018,2.9925187
4.792856,4.6107125
8.816881,6.366704
9.084758,3.4833922
7.395455,3.1930056
9.203248,4.1015244
7.5006905,6.2833104
8.311678,4.914597
8.105127,7.4533315
6.2064795,5.8958607
7.499005,4.3446727
6.1901636,6.306583
4.864062,1.4219304
9.321514,6.678263
10.070836,3.6072886
6.54408,6.915607
6.167282,6.518624
7.7262297,5.0902023
4.2246256,3.3003051
9.251264,3.3786595
4.29926,5.0567408
7.61985,4.977065
9.183955,2.3729706
8.756551,4.216726
5.158173,4.69239
7.2132487,2.815539
8.550168,4.393419
7.972088,9.444665
7.840092,4.9370475
4.6635995,1.3712256
8.451458,7.9076657
5.139199,4.1112204
6.235239,9.066273
8.4088,9.011709
2.3689156,5.4046717
6.889966,7.444134
9.609432,4.50161
5.5707836,4.751953
8.486921,3.1784632
7.162003,2.1635292
6.961021,4.2625494
7.754854,9.1295395
8.356143,2.9277446
7.7398143,4.063383
7.500151,4.106875
5.679456,6.279422
7.752943,2.5652332
9.472595,5.6897564
8.686209,2.7397964
6.5920205,8.680494
7.310981,4.097077
7.3361983,8.68485
8.852116,5.002648
7.5068965,5.6690493
8.908535,5.5471497
7.6262045,4.212551
7.933106,6.4797683
8.092059,5.017681
3.90694,1.3722922
7.112072,5.660291
6.3163757,3.5733066
8.425496,9.461764
7.169899,4.593551
8.396928,6.0617356
2.741584,5.0412374
6.665735,5.3212123
6.4015827,2.757457
8.882232,4.762922
8.146251,2.9007778
6.180348,5.233891
7.809814,8.340965
7.606946,6.268813
6.2894278,9.163213
9.344059,2.1354396
5.7888393,4.0510287
8.974533,3.2374547
4.2057953,4.6877875
5.909357,5.7406206
6.2232294,5.955913
4.627556,5.715778
8.407844,9.019653
6.2242208,9.440651
8.693511,6.842231
8.606677,4.9993134
8.986447,8.626831
5.775988,5.7378507
9.478833,5.978144
8.193799,8.528735
2.0661745,5.211771
7.2730937,3.1680536
5.249817,6.0553885
7.084703,7.6419005
6.309321,4.6232014
9.0723095,5.60923
6.171582,8.970693
4.3978586,2.8006868
7.0198865,4.6686506
8.443533,6.4623594
2.208908,5.330013
9.208434,6.0989
5.821493,3.7467198
7.0624075,4.6245036
6.3221755,3.2673585
4.139012,2.644147
3.262757,5.949225
3.529501,4.683282
6.1959033,8.731619
5.53681,5.5949984
8.163692,5.5659447
10.149683,3.912726
8.414816,5.626153
9.035867,4.1214995
6.881293,2.4101825
8.349747,2.9622324
3.125464,5.1945076
6.914592,5.2795963
10.197041,5.3529954
6.2940564,3.4657195
2.2511404,5.6492634
8.97786,3.00894
9.332692,3.3949738
6.861847,4.9969697
4.7352853,1.3509222
8.512282,6.096098
8.240424,7.6372786
4.3691444,1.4767784
8.630745,5.3712482
4.3087554,1.2704835
6.423997,3.8213363
6.9713383,4.8782196
7.2754164,3.790073
6.073927,3.3720837
7.477378,3.386463
7.7209105,5.896065
6.6994977,4.3157587
7.5134397,8.247229
7.5454583,6.3783994
7.982737,6.844485
6.5184517,5.859019
4.8529625,3.2926052
6.0440764,6.1032443
7.606667,3.3927853
5.3424973,4.7749004
10.260413,5.015887
9.143673,5.241298
7.692978,9.965362
7.4384546,6.514772
5.8069043,7.900879
3.0517817,4.755638
3.4335198,5.7390523
6.3524237,4.2084513
7.568449,4.8509026
6.9960165,5.5971756
8.162217,8.18142
8.118882,5.0742
5.074935,4.798109
8.091423,8.083371
6.3283668,3.6012142
7.470717,6.8538637
9.264149,6.2288785
7.8544774,7.107609
9.524906,5.128278
9.3664255,5.234524
8.208383,4.8354564
6.1446404,2.6615841
9.554968,2.617237
7.281604,3.498011
5.013927,2.4674494
7.467786,4.1104503
7.389944,8.095484
7.4985766,6.322437
7.6610584,9.900881
6.1457253,4.2061577
6.1984334,5.848701
7.1355553,8.31724
5.856431,6.868497
8.717145,3.4780495
7.572374,9.949111
4.861239,3.79629
10.012764,4.9435544
8.491852,2.9157495
9.140756,2.614764
8.203463,4.596452
8.062866,5.4917574
9.1580925,4.599465
9.638997,3.1538455
6.248981,6.100198
6.872766,4.5224795
5.6134224,1.6204263
9.673001,4.848802
7.319675,2.7077856
4.5821495,5.332138
6.969984,5.1733
8.413963,3.3993542
7.9578657,3.1773965
7.871045,5.853282
4.10804,2.1446471
5.900958,1.746995
6.1926613,3.0322473
5.9423842,4.118384
3.2715716,5.3744082
7.975651,1.9650927
7.1171303,9.179159
5.529497,5.797767
5.8610625,4.520334
4.4309306,2.7351224
7.022678,4.6976175
6.974752,4.0850463
5.1345325,3.5086834
6.3927546,6.5022755
8.603385,9.004228
2.1559527,5.7484283
4.8450675,5.313324
4.4278846,1.8563958
5.1714807,6.017638
6.3238373,8.324222
3.726034,4.969122
5.311379,6.160214
5.732287,7.1013503
4.226877,1.74867
8.435026,6.1539
7.212224,5.2942743
7.4909034,9.317944
6.278308,8.547345
7.2153616,5.4299755
6.321717,5.455024
7.964221,5.9447966
6.8015537,1.4144285
3.788293,4.687457
8.503192,8.460688
4.2313294,5.74202
6.9976926,5.6624117
4.4389534,3.5615938
10.113847,4.4021206
7.2520657,4.1573424
6.7164226,3.0005558
8.364107,6.367439
4.9258027,3.8226278
5.5122623,3.4166317
6.973455,6.198992
9.824352,4.675137
7.727409,9.381313
6.5468645,4.7686753
6.956607,9.565108
6.8218284,1.9891666
8.114248,9.514524
3.302458,5.141366
2.5762193,5.388821
2.3384528,5.02247
7.4586835,9.275415
7.982349,2.636457
6.2174973,3.925537
6.623237,9.333796
9.88766,4.6304936
6.807816,4.6216593
4.614776,1.7853031
8.72923,4.639979
8.9184885,3.7495818
4.389989,5.9982514
6.4965034,6.2172923
7.3257623,5.077371
3.2468324,5.2068634
6.5840526,5.1859117
8.032278,4.3354774
5.617388,4.2768326
8.478947,9.108345
2.5820422,5.1805935
6.89828,4.2980256
6.840451,2.9986684
7.810466,8.62298
8.767115,2.2656438
10.122799,5.9132776
5.507199,8.135858
6.4837904,4.293693
6.6667285,9.100097
7.239806,5.5246816
8.189808,6.120071
5.9872594,4.9872036
6.713639,3.6416643
6.0453124,8.400322
8.203789,9.744967
7.277187,6.447342
8.604434,6.6848097
7.8651056,4.38025
2.724299,5.040427
6.886549,5.524171
6.60795,8.238989
7.3766184,4.7777247
8.757579,5.2018757
5.0791626,1.4309443
7.6035047,4.977412
5.000988,5.413655
8.141314,6.698767
7.9743767,3.9238412
6.1867833,6.8859453
7.464595,9.632426
8.440436,6.799139
8.272404,2.755224
5.059768,5.0630755
6.2878485,4.538578
9.467015,5.521744
5.871108,4.083677
8.638838,4.498211
6.233144,4.6256638
8.71237,5.1204042
9.558845,4.9884944
8.870243,7.719102
8.018689,4.8472357
3.1887145,4.9641323
9.57467,5.0255113
2.3067582,5.9275827
9.141153,4.8327694
7.546954,3.111184
6.858579,2.641727
8.762849,4.004225
6.968077,8.44898
8.356189,4.913162
5.8347464,4.3639526
5.3638325,4.112647
4.6406198,3.460404
7.2409067,4.786322
10.493913,4.8585687
4.7704344,2.6356058
7.5041485,8.185465
6.8289843,5.7492995
6.141518,5.4695215
9.531039,4.4282966
3.5662453,5.357739
7.209944,5.921234
6.8372664,8.724313
8.738745,2.9676147
6.3740196,4.6080675
7.40644,5.89789
6.043397,2.7484715
6.0568075,5.1109138
6.4739404,8.203076
7.6754255,4.4403644
6.561002,3.0610015
8.665638,3.6654596
5.771127,3.9020138
7.854176,8.377339
9.367102,3.2154233
8.015207,6.108946
3.252621,5.8137264
8.7189,6.1109076
10.445402,5.300082
8.149341,8.993058
9.190877,4.907236
8.357194,8.094129
10.028673,3.342085
6.137265,3.0271533
6.1809216,9.450168
4.176369,1.8655568
8.254008,7.0937405
7.6223936,7.223152
8.431519,2.738826
8.778066,4.9270883
6.899123,4.625338
5.6319046,5.900829
7.8194146,4.8915467
7.7822204,5.989204
6.2081294,4.0761757
6.3330054,5.3981757
8.291129,2.8623881
6.4095697,8.17989
8.563785,4.9404354
6.813572,9.332396
6.7378583,3.7748404
6.8339553,9.774738
8.444199,5.0880337
8.425014,3.4795725
5.143576,1.6698864
8.153237,2.6966956
7.1301107,8.233569
2.218572,5.772296
5.3774743,3.8836906
7.6341996,9.6515
4.4988656,4.826421
9.722951,5.6683083
6.311145,3.4364195
8.988567,6.4813247
8.15154,2.4753263
7.6985583,2.7245002
8.640436,5.36551
4.8291836,4.0237403
6.04157,2.7185893
3.82562,1.9073712
5.518469,4.323491
8.6585655,3.7878995
3.0361004,4.512042
9.072363,5.7830305
7.3971086,6.1750255
2.479068,5.4560423
4.890625,5.876974
6.8211455,3.8543074
7.2866845,9.0120945
2.9556339,5.7849402
5.2602973,2.4141998
6.919164,7.349255
4.627456,2.4929855
8.979822,5.6903925
6.023207,5.870864
9.163964,4.637816
5.012575,4.8490133
6.3101087,4.159619
5.7166147,3.9091842
6.0731397,5.0208635
6.767779,2.2501533
3.292771,5.5261326
6.390702,6.1645365
6.910526,4.518786
7.8015676,3.74518
9.6459055,4.273483
5.1430397,5.960284
4.576567,1.1782457
8.068287,9.45279
6.9694924,5.792165
5.9695797,2.3842218
7.9741583,6.015216
6.0447025,6.481478
8.378681,5.723176
2.346796,5.97137
6.213261,8.786999
3.9414263,1.439711
6.528563,7.994779
6.6427608,1.5921233
5.7083297,4.7635746
8.694239,2.8665168
6.9996405,4.469457
7.8072615,5.0369334
4.0695477,3.4665678
5.0412235,3.8838005
8.722289,9.267797
7.390676,3.5841093
10.117074,5.6813927
7.1580415,3.1866248
4.0894637,1.537679
8.272466,7.4997525
7.1618357,6.580984
6.944661,5.456373
6.8753605,3.4676933
7.3381433,3.451544
7.0590377,4.63106
6.269333,3.6924896
7.6346183,1.6558689
6.7854347,3.2358592
6.5680494,2.3286414
7.710397,8.088449
4.6813793,4.989482
6.9957495,9.002835
9.164788,3.9356453
6.660354,5.248709
6.3727713,4.327205
3.5299547,5.916958
7.9976125,1.9659615
6.8429556,4.4022136
8.744628,5.8749895
6.875017,9.463467
9.859663,4.790904
5.6307373,3.6300023
8.786446,6.6982436
9.477146,3.9091976
4.5081477,5.9906883
8.223626,2.2518256
7.3508015,1.5272018
7.622888,4.272763
8.677978,4.8606567
7.499729,3.060994
7.4518747,6.6545205
4.606143,3.0077243
7.666708,7.5190544
8.1219,3.4793391
8.096378,5.467041
6.2195964,3.3097098
6.6146765,4.895253
5.888396,5.8249655
5.615744,4.6242137
5.633607,4.110586
6.7734194,4.498399
8.834285,6.7433095
6.55701,5.53362
6.975037,1.7743843
6.54153,8.128036
5.819041,6.074232
9.775938,4.6270213
5.0767736,5.982472
10.304727,5.7018766
6.1436667,9.757425
8.941955,9.244114
7.1053796,3.1314957
8.308345,6.21394
6.319557,5.185596
4.5474796,3.7370286
6.9617734,8.491187
7.5352726,7.459238
5.7651124,6.9620447
4.9585323,5.4948463
9.851929,5.168639
9.954762,5.639328
9.266474,3.4959695
6.9447613,7.98958
9.337909,5.982855
8.41287,3.3660583
8.494523,3.4992683
8.500675,5.07415
8.583282,6.5512724
8.8260975,4.877177
4.0953526,1.809801
8.448941,6.4061117
5.1481943,2.8386476
5.411486,4.5759277
7.3158712,5.7350717
9.397688,4.6590695
5.6699996,4.9157643
7.636884,7.1189656
9.05477,3.613987
8.080525,3.4667876
5.325085,3.727944
7.4785953,1.6398157
7.9141192,5.3677297
7.643295,7.5660653
6.8055816,6.128504
8.261411,4.215661
7.1343303,9.90115
8.922637,5.174688
6.5144844,4.223031
5.9636884,5.597576
9.882521,4.266455
9.024767,3.9824452
2.9498355,4.837919
4.3672843,5.2404003
6.176523,5.21023
2.9887311,6.051806
3.0279903,5.143756
6.9380245,9.588444
7.1044407,4.303261
8.695333,6.1133223
6.8545923,5.75649
7.1526914,3.9975216
7.6120815,9.9402895
9.923096,3.7719462
8.619695,5.221837
7.5058107,8.964503
8.594551,3.3462772
5.986314,3.758134
9.152734,9.393575
9.028271,5.1615276
7.4002767,8.811323
7.0072665,2.0503016
5.5756617,5.0222225
5.37103,5.996874
5.8351493,4.397534
8.405715,5.3963866
6.188451,6.009751
6.084897,4.310987
6.091619,6.7132297
6.904266,3.2115452
8.909112,4.328651
6.728591,6.6185584
6.668753,5.1049104
9.246955,3.7900884
5.1193833,2.182268
6.039204,6.024161
10.133332,5.7342577
6.9880166,6.3710265
6.8695335,5.4599166
4.4609847,1.4328154
8.498586,6.846629
9.451071,6.0661726
7.6730595,7.2997003
6.2243967,7.0655155
6.143731,3.1734333
6.4509783,4.134912
6.42326,6.0993595
2.6599252,5.453225
3.7130537,4.36514
5.8205323,5.7893286
7.9557457,5.6771483
3.999062,4.682229
7.504124,9.70028
5.4373956,4.3037314
5.7535057,1.9106193
3.2116818,5.648074
6.4023843,4.5912323
8.101265,7.4357824
6.8638053,8.709911
5.593765,6.40612
9.503022,6.2163434
9.411515,2.6802158
4.851923,3.8191826
3.90398,1.7406569
4.9600377,1.5133021
7.7983685,4.2730103
4.936322,1.4589423
9.773659,3.470649
6.9865766,8.446703
8.435454,4.029401
8.018941,4.9141827
5.0861673,3.4459898
8.388593,7.9546576
7.397759,4.9741254
5.7007823,6.525581
7.0812607,9.81015
6.4187956,4.7314506
7.917239,1.6764859
6.257747,7.934484
7.6364665,5.621024
6.8768163,4.884455
8.087349,9.04855
7.067731,5.995207
9.611371,6.385463
6.6314926,5.339792
6.5105624,4.6055818
6.307807,6.0909925
7.66791,9.128167
7.372123,2.3764467
7.6872416,4.9995713
6.634355,8.384041
7.228719,7.5180397
7.8220296,1.6383098
10.109738,5.459594
8.648703,4.877303
4.826462,4.398338
8.613554,5.878694
4.6623673,2.645426
7.4835753,4.256374
8.652505,6.3431606
7.3822026,2.3954227
8.625999,7.822694
7.406429,9.271451
9.297863,3.6025338
9.223231,6.5464845
6.2240424,4.919965
6.8352947,4.3553343
5.505977,2.1432197
4.964498,3.9345932
4.3835964,1.8445058
7.5671673,8.850317
6.848795,2.9993415
6.011861,5.688505
7.9697347,5.017351
5.8198338,5.677922
8.444297,6.5692706
7.315672,3.968148
6.021398,5.439222
7.4553175,6.440389
7.078756,5.5892787
8.589809,4.511989
8.872291,8.275397
7.9417553,9.670182
8.111902,3.9634175
7.3775997,4.683646
6.075224,6.048033
5.9100447,4.9685674
7.033105,3.5116336
9.395979,6.546528
6.3553557,5.059727
4.792446,1.812318
7.142791,8.0306635
9.212155,3.2742302
7.0510516,3.3399107
8.43549,3.1545784
7.666961,9.285838
7.2106557,6.52204
5.23453,2.1096935
6.206855,4.178244
5.8919263,4.3439627
6.6937613,4.1537704
6.989665,9.936959
6.305749,8.265619
7.3404,6.959063
6.127365,5.223671
8.168189,2.0222116
5.8371606,2.3437388
7.6585336,6.694293
4.7291183,4.550503
4.683969,1.4319997
7.2623014,3.7599394
5.5185127,5.895632
7.6710725,4.509725
7.9781613,8.123998
9.628086,5.981334
9.234559,4.3847957
6.6262994,7.9668674
7.7035284,5.7929854
7.4018645,2.7092934
6.5667224,6.2823386
5.1912613,3.9076066
6.076186,4.680908
5.329908,6.718618
8.026485,5.3706517
8.528445,2.214869
9.373937,4.9480934
9.511563,6.0175776
4.417571,1.2794344
7.3168855,4.3091297
7.543192,4.2217026
7.253361,4.0556636
5.863625,3.2014713
4.2135205,1.2732041
7.613659,4.9681935
4.7213974,5.166181
6.888739,5.6497364
7.2942166,5.746298
8.467031,5.390942
5.6922355,4.3899074
8.008798,8.667423
8.46661,8.125091
8.048542,3.9453266
7.540567,10.005095
10.3163,5.052917
6.194889,4.0492587
10.23431,4.5287633
7.264615,5.0303326
7.255816,9.9319515
6.3848996,3.5493298
7.928398,5.9251795
5.1464696,1.7140778
7.660424,5.5000496
7.801563,4.8800235
7.4134026,6.534951
9.70856,2.8897648
9.0061035,4.400422
6.3453827,3.528539
7.3236704,5.5055876
8.5714,2.8971546
5.117102,6.2344565
6.0281205,8.458444
2.6669548,5.416719
7.959476,8.516148
6.0495186,4.4862213
8.380897,5.218733
7.273846,2.9846983
8.172275,2.7942796
3.510729,5.8156443
7.580185,6.5396104
6.515217,4.050829
9.076127,5.896039
7.653327,9.338169
3.8282835,5.23264
5.9076858,7.88923
7.935338,6.503078
7.1280613,9.579693
8.873663,8.050198
8.479048,3.8822947
9.315439,4.7883134
7.470797,8.5903
5.831726,5.522553
9.044335,3.7924547
5.906595,3.5635085
6.246278,9.321645
8.457519,5.6544333
6.5620522,4.555773
5.363919,2.471424
5.9963207,3.726373
7.0760684,4.753159
8.720457,4.873089
2.7478583,5.919365
8.030787,5.065147
6.252317,5.962915
4.9951506,3.1212022
7.3052278,9.252729
6.424076,6.5559034
7.055444,9.374634
6.710944,6.561686
9.355201,5.3030787
9.317921,6.0052233
7.3302245,8.697281
7.6276727,9.466932
6.8640656,3.573235
8.2080555,9.823721
5.2785783,3.0504718
6.576794,5.377486
2.4586663,4.913812
5.952355,3.5959346
9.822894,3.9245315
5.701198,3.9451914
8.63413,5.2649293
8.600216,5.3188214
4.8591976,3.4545367
8.932803,4.853886
7.5427384,9.023636
7.5099335,2.6390197
8.856889,3.9251995
7.613088,3.3987913
9.134796,2.9701686
7.4153247,5.136999
7.2222176,9.497948
6.8618298,5.5466914
7.952425,3.2460194
8.814598,4.1303654
5.599475,8.62059
9.834748,4.439295
8.533402,4.464341
8.035281,9.823515
8.603458,9.043671
6.9421864,2.1013162
8.380915,2.057231
7.8065767,8.031182
4.48392,6.029382
4.6169567,3.1334429
9.397586,5.2827487
9.000355,2.2033286
7.4019256,2.569976
8.209151,3.976302
3.3817847,6.077644
2.3849194,5.8123217
5.1211324,2.6020918
6.292996,5.380904
8.640571,8.490051
8.382487,3.4830213
10.2044735,4.6742654
5.820666,3.6820664
7.2373013,4.8905315
5.890662,3.440088
8.909569,4.8642836
3.9531584,1.5159388
8.436641,8.605467
4.817321,2.3589005
4.563265,2.36802
8.830451,6.085055
9.860343,5.8010364
8.132505,3.8499873
7.561249,9.276888
8.260943,5.687668
8.901462,6.4253693
6.904137,4.185216
8.050428,7.6589785
10.113413,4.7939973
7.525854,5.4002643
6.713318,4.6328235
4.0910397,1.2495352
8.480805,9.214774
5.9243765,8.462659
4.1380444,2.6960237
4.7122936,3.2837062
5.81099,3.0757833
4.3140574,2.8024588
4.2600884,1.5157487
8.705494,8.878839
8.478414,4.654458
4.9727244,3.491105
8.327073,3.6051636
8.346026,5.0614552
4.554769,2.2524087
8.5741005,2.359379
6.3331265,5.0363884
3.7676637,4.4533415
5.2656894,1.5211531
8.668345,3.8778274
7.7146754,5.780426
5.0252695,2.003637
8.279597,4.3070803
6.8367214,7.8499374
4.9964094,2.228104
10.034682,5.650577
8.338053,5.6473527
7.197976,8.950019
7.427697,4.658841
7.809067,5.249664
7.8049197,6.7678523
6.3998814,7.1964717
7.8631263,3.7901483
8.975137,3.439581
9.626278,5.3202734
7.8776402,4.313915
6.237633,5.413908
8.4223585,9.108135
3.8213148,5.25318
8.091215,8.27444
7.765604,9.501044
7.9165735,1.8292115
7.9619384,6.3113127
6.4061747,4.8188934
6.2030087,4.943711
7.789509,5.8134594
7.827652,7.1412888
7.4558883,7.1290245
7.4656663,9.824189
7.4497776,2.3643098
9.663442,4.0339217
6.6049633,1.5871637
7.0462418,4.95547
8.211199,5.0147886
7.751296,5.3136315
8.751053,8.317886
6.119782,9.341881
8.38339,9.080468
6.268341,6.089118
5.3898315,6.0431304
7.5504985,6.5074544
8.60487,3.8872623
4.476281,3.5033352
6.319469,4.163118
5.819973,3.9937017
8.276794,6.8168697
5.126845,4.3906984
9.265681,4.132115
6.9264092,7.9657784
7.967624,5.3057227
7.1910357,2.6390867
7.489127,2.35442
9.952754,5.7799487
5.0628715,5.33811
6.241461,8.329195
6.69329,3.4468877
8.593723,3.539751
6.9904146,8.262566
8.63344,5.153852
5.6317353,4.261949
7.6602383,5.814803
5.882537,2.5214298
5.6256037,3.534534
6.5099263,9.483399
8.075294,3.5202012
7.579453,5.1337996
8.875313,2.4311404
7.6645856,8.821564
7.880367,3.5810378
5.012676,3.2033284
7.726331,3.6158679
7.1910763,7.4631877
7.2606735,8.47092
6.2606835,8.976888
7.961813,1.9032485
9.011462,3.7241728
9.219712,3.2559528
5.4447613,4.5887947
8.151745,2.777772
7.065486,1.9313298
8.636545,8.168761
7.552891,9.350049
7.408613,2.4824193
8.242352,9.421226
8.060762,5.9469504
6.460892,4.384707
7.27612,9.387229
8.367914,6.2270346
6.2663136,7.8053246
8.640243,3.1018393
6.2465973,3.8588572
7.1059275,7.539153
7.918354,3.3956528
5.9473395,4.1408873
5.6304245,3.0996997
5.1199174,1.8663607
4.4364142,3.8194463
9.408517,3.9095213
6.6469226,8.614398
7.9297295,7.1798186
6.2301807,9.548765
6.574108,3.118965
7.8348203,4.338161
8.6989565,5.3454404
5.1207285,4.559787
6.439731,4.8607025
9.47209,3.9624467
7.557094,5.274592
6.1887107,7.876328
4.7383156,3.103596
8.670979,9.352099
8.152487,5.3786626
7.0934033,4.8393335
5.855026,2.2377932
5.1101155,6.2959933
8.452197,3.6582963
2.5353372,5.2060785
7.254393,4.6473255
6.742254,5.0758557
6.4696007,4.160591
7.87282,2.983446
6.6474495,2.8211951
7.9808936,3.916657
7.1353674,10.093275
7.361559,7.8068132
4.654799,2.9123874
9.274455,3.4202151
5.186879,4.517451
8.586995,3.5362456
7.4648275,10.093309
5.6119485,5.505821
6.011569,1.6336662
7.660009,5.298159
7.773123,6.142253
7.566935,10.141272
5.695663,5.5467587
8.494325,2.5381312
4.6842227,1.7258308
4.824313,2.5226216
8.528295,6.437916
6.2558274,5.098828
8.774156,4.1345744
7.9050074,3.6570468
5.452767,1.7831022
6.8123026,3.4480784
6.4962935,3.9645076
5.1544867,5.258223
9.90643,5.2889905
9.0052805,4.3588614
4.8913703,2.2344437
7.6837664,5.902957
5.6740003,6.6311045
8.274608,9.496098
8.070134,9.138613
5.861996,5.547545
5.854808,3.6557834
9.600779,6.044449
8.765396,6.484372
5.6018124,3.8303838
6.6124263,6.1568675
5.7674494,6.0859632
6.995687,3.5548942
4.8491187,2.9563482
7.088756,4.937704
7.3329306,5.479375
7.1952767,6.7864847
7.563429,10.097086
5.673833,7.0789
6.2977386,2.090366
7.334167,9.30997
9.68468,3.2748442
6.589848,3.6470668
6.511297,8.937587
9.118198,2.1902478
9.211705,5.6267548
8.581232,8.953511
8.024733,8.465204
8.650202,9.016073
7.6218114,3.7306492
9.733148,5.8232365
6.706053,8.578717
6.985915,4.476376
2.446592,5.4052243
8.866024,2.8317103
3.4600663,4.713256
6.233558,4.1970854
6.3826,8.475454
9.173976,2.571893
8.777291,3.2629125
8.150188,1.7181623
7.7681956,5.022117
5.039062,1.2469682
9.522017,6.0440397
4.0628257,2.2771668
8.734424,5.7998924
7.7786717,8.341311
5.6647573,4.7693377
8.373094,7.1196976
7.6415305,3.8783686
6.660931,6.205069
6.332628,6.3148155
7.635518,6.720475
6.2980456,9.789537
7.3533635,4.4372716
8.355765,7.2009254
3.94302,2.0463874
6.5702815,8.722178
6.451605,5.54786
7.115092,9.658796
6.3662934,4.8152356
5.8770375,5.247594
7.1169376,8.416608
6.7334943,2.699989
8.187225,2.8674834
8.0541725,6.0755057
7.75396,5.677759
