2.5548875,5.1800666
3.8340714,3.3257623
5.131242,5.145249
1.6937096,3.5238328
5.6277785,0.43573838
4.787643,2.858827
3.3397171,4.2061563
4.3157134,1.5247774
5.1703057,0.6109645
4.6045766,2.9520254
3.6345654,3.9235694
0.14923999,3.8792827
5.6184907,2.0234914
1.205752,1.9337361
1.7157774,3.1048574
1.1324164,2.0947664
3.973017,2.3799417
2.3232462,2.105139
1.5862961,3.5763016
1.5725349,1.7936871
6.248865,2.0306673
0.73546445,1.5175931
3.8356266,3.92336
3.0249174,0.06732259
0.7026611,2.2431545
6.2712026,3.240643
2.0933611,3.6637375
2.3158762,0.77312696
4.4103518,0.7350065
5.6413727,2.5162804
5.742749,1.4186441
0.41693974,4.3034606
1.4578804,0.39254078
5.629252,4.29574
3.2080853,0.607324
3.204967,1.8485457
5.3846006,5.4950795
4.3141694,5.5374827
4.8001857,3.5269668
1.1891406,4.6180177
5.7670546,3.8439777
5.192329,0.8761705
4.8200727,2.8157914
3.692196,3.625783
3.4652839,5.3601003
3.0979874,5.8339934
4.144089,-0.10510257
1.4725462,4.1216955
3.066796,2.5424638
3.8455963,1.9787353
2.6560955,5.406226
3.2922077,3.4945736
4.7138853,5.06645
1.9891366,1.4852741
1.0860043,1.2464921
0.74508625,4.7076387
4.4333677,4.9921746
5.3109913,1.7949827
1.3736209,2.8374605
2.6152153,5.3029256
2.9290783,3.1404772
3.7915564,2.5922065
-0.22819047,3.5939693
2.0707216,0.30706158
2.8672125,2.280837
5.2504277,5.054651
4.271367,3.3246891
4.728001,1.8052607
0.85263926,2.764125
1.3058931,2.1891706
3.2485094,3.6742535
3.1088176,0.5368865
1.0719222,0.7537828
0.16232578,3.587439
5.9710274,2.689074
2.8294616,6.1026025
3.9598417,1.53792
1.6683741,2.7383842
5.79576,3.1470425
5.062066,2.1785479
5.7580457,5.1341968
0.6242429,4.160317
2.1802063,2.9896374
3.025025,4.285475
4.825457,4.347089
5.2077274,1.8723167
4.2536254,5.319263
3.6663103,-0.087626405
2.3725417,1.7549103
1.3891001,5.5108643
1.1269907,2.332474
3.420585,3.9798362
5.501078,1.4408917
3.74406,6.4407005
3.1916473,2.3537478
4.9807234,0.5222504
2.3655975,3.2947266
2.061321,0.44489652
0.8339442,4.445285
0.17682725,4.549479
2.6118307,0.90372974
6.522907,3.3212862
4.502677,3.769473
3.3088956,0.8009355
5.980768,2.217861
3.6123502,2.0853975
2.9158087,1.8221161
6.0892787,4.0806537
1.3622211,5.728209
3.8259523,0.65342927
3.2523685,-0.4467316
5.8096166,2.5123003
2.2874868,4.2527905
3.8679698,2.030621
6.2765236,5.0961328
0.73136276,2.6834667
2.1654496,2.6642087
3.8934634,-0.77308583
5.3919787,3.1827114
4.200467,1.6230198
3.5995147,2.803953
5.4640517,2.0054057
4.881109,1.230727
3.1843307,1.4845372
1.7586756,3.6281128
2.0003412,2.8322918
0.7033014,2.0034306
1.0115995,3.1638572
6.423698,1.5284638
4.1343303,4.040381
3.2838037,3.2224915
5.4618382,0.25751185
4.1511836,4.526948
1.8492005,0.93225724
0.87880886,1.6055081
3.3596807,5.1864576
5.6005898,4.279145
1.2755411,1.5281683
2.7209876,3.8702471
4.7261944,0.30796206
5.6461287,1.8801008
1.6533574,3.7603304
2.6673038,4.8123207
2.0038457,3.144736
4.401893,1.8371345
1.2053645,1.0738329
3.2162006,3.1505723
0.6572799,3.0628889
1.8837122,3.2431166
1.606334,3.2711427
5.935451,0.9145239
3.5439367,1.5554409
5.626874,5.3595304
6.093658,3.8181436
5.0968323,6.231515
1.8077359,2.8241456
5.4516883,4.37986
1.5339849,2.063667
6.4318504,3.1452804
6.4571795,5.084679
5.0815673,1.5737388
4.353747,4.7928634
5.711914,3.940791
1.2156166,4.831599
5.0594273,3.414664
4.282612,2.1310647
-0.059016377,2.6089027
3.0747173,1.3327092
5.680507,2.6955562
3.788637,3.160443
2.072247,3.751927
2.5684316,0.51876897
3.4979534,4.158256
3.5649512,-0.25802028
2.2505767,1.7846622
5.848405,3.772328
1.2934763,2.4823601
4.445977,0.56029004
3.0849073,0.9714554
4.686333,2.401639
3.3909538,5.0093493
4.604765,5.8452396
5.1594234,1.100345
4.641707,2.9495375
4.7006497,5.0437007
1.427089,5.0621524
6.155057,4.6053977
0.87573713,1.0611246
3.3924289,4.9409924
3.662417,2.2499743
4.3785195,4.3468475
0.53907233,3.6804698
0.66608775,2.990546
0.46047455,3.2204175
2.2113543,1.919139
3.951185,1.2829562
3.543259,6.6459484
3.6947548,5.216944
1.9671941,2.6293168
0.37466782,3.087115
5.8498755,2.0149543
4.640061,6.2683372
3.713585,-0.17347789
1.7784401,4.545851
1.137537,1.0831655
0.4614688,2.8892882
3.531977,2.853096
4.2721195,4.848672
6.4318337,3.2503462
5.24559,2.6224647
2.847502,2.4803715
0.32568496,3.590836
2.344578,4.027739
1.8822482,3.8128688
5.1882987,5.8389015
5.5349545,3.301421
0.07204038,3.0375152
1.595845,3.3468347
5.065937,2.095742
3.6874723,6.054041
3.4450376,3.4623907
5.487391,2.1036613
3.5138657,3.0099795
6.680081,4.1476035
3.793484,-0.119414
2.8567147,2.952381
1.1510156,3.162843
3.44446,1.8796084
2.7575264,-0.111114085
2.1319346,2.7451677
3.7937658,2.7729356
2.3930302,2.595427
2.3861299,4.396754
1.6715105,0.65664446
4.1023645,0.38267025
2.4357944,4.590811
5.4314766,3.724925
6.214969,2.2963285
1.2856221,0.8148758
2.2260418,3.8638237
3.2825377,2.9907503
-0.055885673,3.4551892
3.8041437,5.82323
2.3083622,3.5844142
4.9291687,5.252974
3.4810698,6.3411727
3.5923002,0.46526748
4.6830034,4.234468
2.176085,0.92241955
0.97174543,5.197575
6.6708393,3.6464036
1.1064763,3.7037902
1.0511413,5.4213014
2.2623692,3.1668496
4.553172,3.7160742
4.1295,4.2903686
3.3505573,4.0165586
2.5693693,1.7648989
0.66063535,4.8509603
0.48673406,2.3816767
4.5425425,1.7671417
1.4114994,0.77602565
5.3573866,6.01014
4.911057,1.1888589
3.340272,2.4183629
5.788929,5.295034
4.142259,3.7090294
4.9923415,2.7940462
3.6110153,0.039318964
5.4914956,1.9616734
5.670892,3.2652516
6.1979256,3.0364568
2.186379,2.9364483
3.3751056,2.1381147
2.5686069,5.3050694
1.9981744,2.041663
3.9192672,3.8985403
4.7342706,1.8359601
2.8110356,3.4554615
5.65793,5.25987
3.4793515,4.6769695
4.996658,5.7473016
6.0558076,3.0372155
4.6954527,2.1129858
1.9562207,5.2857394
4.053169,2.1167784
3.2632878,0.9775767
4.7435694,3.1285481
4.968773,3.7456753
1.0842524,4.11567
0.8172958,5.405935
-0.28970706,3.7803676
2.1353028,1.592533
4.538118,1.9672755
3.0178885,0.52256584
3.2313144,2.613859
4.0861754,2.6861038
5.030024,3.1640284
3.098849,2.4640265
0.3457978,2.3850582
1.3768903,3.862602
2.6197805,3.3701415
2.2417789,4.1026106
3.8349295,1.745095
4.3072515,5.3826036
4.9970765,1.1058991
3.1154385,2.222866
5.8744497,0.88678664
1.0696502,2.9981246
1.7318484,1.4434227
4.26471,4.6079707
5.3069224,3.6040695
1.3723646,3.9263296
1.1384263,4.2632
1.0424502,4.463708
3.7567673,4.0886297
0.74748445,5.0287676
2.0624297,1.4122012
3.6118157,2.8355384
2.5679834,3.5325146
4.308025,0.6591193
3.724526,1.4717703
3.9065301,4.838714
-0.078206055,4.1986475
4.8858204,3.158685
0.9886393,4.682187
1.9548076,1.8616759
0.9756766,1.3018261
2.0072687,-0.257632
3.5451293,5.926949
1.4987044,1.357144
3.922081,1.8550795
3.2589428,0.59726703
3.6442013,3.432504
3.45396,2.0243266
3.7888262,0.4169362
3.0929105,5.586092
3.5198996,2.0835888
2.2735162,3.1036973
1.4428651,2.1833344
1.3462112,0.25150436
3.6850092,3.1079593
4.53336,0.8459206
2.3982165,6.1764445
1.4525928,3.7679427
4.65593,2.749408
5.1785846,2.4528966
1.515918,2.4800625
0.9427413,0.9387148
3.771689,1.809201
2.5668373,5.753945
1.9862205,1.1682515
5.578731,2.2574217
1.4873725,0.66718405
6.4207153,2.3194108
4.586539,1.3725984
5.8814445,2.8167033
3.9542744,4.3204885
4.4849234,1.0672443
4.5706472,3.427533
0.9647167,2.970107
5.4755316,4.7281265
4.181305,5.5322857
0.56473565,2.0722303
2.5048475,1.9338052
1.3190374,1.753057
2.5069938,6.0819807
1.790433,1.8591417
6.42281,2.7563837
1.7755152,1.2522436
2.0359921,2.292447
2.908997,2.0947304
4.415092,5.9079885
2.456457,1.4541981
1.8337711,1.5010597
1.7338766,5.240401
2.082184,2.5377622
3.0526803,4.5230093
-0.044601448,2.9274359
4.6889153,0.6174969
6.7773046,2.151796
5.0758276,5.2460723
4.22509,4.1209135
3.0209544,0.5996758
5.183622,0.6265596
3.311761,2.1994267
5.201704,3.9575589
0.8083593,2.8969784
5.568328,4.9783587
2.1108575,4.3771563
4.1077824,4.239821
2.7070198,0.72220105
4.322907,3.0885327
3.1254172,0.60241246
3.4883502,1.3438659
5.203156,3.9204743
4.3449855,3.0207212
3.5820978,1.1972314
2.3243232,3.6690464
2.1437511,2.710093
3.0034893,2.2283325
2.3045363,0.4134761
5.545415,3.1870282
2.1917474,4.0739923
1.048213,3.9502637
3.3712032,1.5442619
3.3531473,3.7709808
6.128793,2.698948
0.36491805,4.423499
4.6690183,-0.06547166
4.465154,2.5117397
2.4075952,-0.07343148
4.0830164,2.9014773
3.5631447,1.9914593
4.2636466,5.7958813
4.9827003,1.2952527
6.123983,3.738509
0.5874916,4.510069
1.6642836,2.9063935
6.485585,3.8579836
1.6674999,1.4799466
0.111753106,3.7139254
3.0580876,0.3455431
3.2865138,0.7928174
0.8642863,4.43358
1.2806333,3.7552292
6.036735,2.6828399
3.073076,3.8550649
3.0808644,4.4802184
4.717159,2.9934895
0.781475,4.793755
2.1399384,3.4287689
-0.12576628,2.5019698
2.3515482,4.0035033
4.8844514,2.701695
5.3560605,0.3705359
3.5400312,5.232006
1.7238386,5.934031
2.1012454,3.4451885
1.597297,2.3223445
1.2759582,3.6962593
5.454463,1.0796957
2.0559723,6.468081
5.9160438,2.654449
3.2762659,2.203672
1.220526,2.7325604
2.7037468,0.34702256
2.46276,-0.37441257
5.2490993,4.090994
0.28792968,2.88823
1.7199326,4.136563
6.769913,3.7944617
3.8325126,4.825659
4.4688926,1.1452112
5.2181864,2.117002
1.9005107,4.7453613
2.9965346,5.1519966
4.776864,2.9690866
4.0003166,5.278743
5.3726,4.7915697
1.4907804,3.0539951
3.8339274,1.9869007
1.5349891,5.9676824
4.90676,5.835568
4.376648,5.236868
3.761789,3.8580928
1.2322584,1.1979277
1.1408085,3.0652945
3.1590054,3.3880389
4.2151227,1.9596021
4.89726,3.268972
0.9808882,1.3100437
5.338972,2.631741
2.7172084,3.5904992
3.7402449,5.141006
5.3267913,4.674835
1.239279,1.961332
2.4547732,3.8561935
3.717904,1.8155723
2.1318645,5.769038
2.5029302,2.3699322
1.2956481,3.260354
1.9092053,1.1833006
3.5235868,0.9651496
4.481851,3.3075874
3.1111329,4.828567
5.528979,3.6079063
0.8986621,1.943512
1.249613,0.85476553
2.3266964,2.2111852
4.6729693,4.6296387
3.1154387,5.371954
4.5273385,4.0232916
3.28932,6.404389
3.298767,5.277602
-0.2699537,3.5716453
1.6272472,2.6520143
4.9491386,1.5836369
3.9130638,1.3601393
3.777499,2.3310032
3.3125846,-0.2412821
1.590153,1.6936936
4.89991,5.605026
2.0426235,5.3033233
3.6343143,3.7826614
4.040084,2.7754948
3.648932,2.6358612
4.4630013,4.434524
3.579157,5.781216
4.0888457,2.4619389
5.947673,3.6581879
3.843687,0.9462677
4.200775,-0.51678497
3.9851856,4.026023
5.551062,4.1430635
5.7642736,0.9517145
1.5394915,1.1827494
4.5063763,4.2966266
3.885192,2.5394073
5.6521807,1.9651934
3.2383206,2.5297294
6.0934114,2.9193733
3.0998435,0.8518377
1.8027028,3.64315
2.791571,6.51134
4.6669517,6.28292
3.8491104,2.118429
3.1848447,1.7449328
0.5216299,3.2053592
4.6385965,2.6029098
3.6289563,3.8581877
4.313868,2.9427564
2.6436,4.008485
0.82703084,3.69665
5.325558,3.2728467
1.172258,2.4700933
4.6999226,5.966907
2.280922,0.99684787
3.8244731,0.7454317
5.4720736,3.9820309
0.7284468,2.1667833
2.9045267,4.1686773
3.1909933,2.926462
3.8310268,1.4004147
2.1754322,3.460653
2.6995735,1.09096
4.647005,3.8487773
4.2278175,4.565811
4.1699624,4.5324326
4.426451,4.888681
2.0799043,4.5344224
1.3249937,4.3957787
1.9294806,4.1076903
3.1614425,1.8513011
4.498266,3.73235
2.986191,1.6407579
3.106304,0.7315155
3.137147,5.0704384
2.4922051,3.426498
4.8114853,1.251323
3.8994322,3.389927
3.120138,2.4126894
2.0833616,2.7096431
3.3676813,1.8885856
1.5896826,2.6717992
3.1723027,1.4718909
2.2227774,5.749315
0.12265377,2.0885334
1.4493452,3.001885
3.0921962,4.367229
5.1308985,4.953325
2.388348,3.5207844
5.2841616,1.3362631
2.5811257,0.7452439
4.912734,4.670658
2.6865716,4.0043674
4.6468763,2.8156114
2.7246168,4.80635
5.2235975,2.1258206
3.7488387,4.0407863
4.683642,4.6860895
2.8570652,2.0110402
5.2787294,4.3225007
6.0871706,0.9889765
6.1745243,1.7773063
3.4770696,5.318783
3.1699445,0.54948086
5.249327,0.81524104
1.5482252,4.8232207
0.44256482,2.5793118
4.817226,1.8517612
4.1246805,4.8717046
2.613271,5.09172
4.012642,1.0398036
4.458539,3.092642
2.174831,1.924845
4.341777,0.0037909125
3.6085908,5.559455
0.69762224,3.1457021
4.7044044,3.246818
5.7447896,2.8025165
1.887809,0.76676446
2.8361855,0.38741586
2.4986079,1.1885266
4.416999,2.9919524
4.382605,1.7505629
3.5554051,1.4490099
5.759434,1.293405
2.4702516,5.601417
5.979945,4.1026144
2.562652,1.1150306
4.4874673,4.064474
2.5051737,2.0660734
2.0059233,0.55298704
3.1391654,4.129425
4.458238,0.39318076
3.8895621,1.0142639
4.124509,3.128764
0.39144045,3.001584
3.8305843,3.7961638
4.5339885,4.1271625
2.7395563,5.641148
2.3367646,4.9724708
2.6739042,0.40081862
4.900725,2.253
5.994111,3.974963
3.3469446,1.2389796
2.0588186,0.8363761
5.2851777,4.059734
4.332476,2.6400678
3.6668744,5.8531957
3.7729003,3.3600397
3.676746,-0.4100659
4.5175943,3.909653
2.9638977,1.6041876
0.35056078,1.7694117
1.4504126,3.3248575
5.8418956,1.9171969
4.455975,1.6310341
3.4229445,3.7143328
1.621233,1.0871917
3.5880656,4.814193
6.755707,3.4022949
3.4270551,4.3840322
1.4743704,4.512753
1.7370387,2.6623971
2.844242,5.215322
3.1753786,2.3877633
2.9378345,2.0759666
4.193964,1.0600942
2.285329,1.3725151
3.4960248,5.886291
4.936955,3.7296095
4.256397,2.2901819
5.023324,3.3685877
0.38200873,3.248587
3.0999372,2.4081151
5.589619,4.0213623
4.607854,2.2619865
2.2596698,1.2904105
2.9379349,2.7538767
3.7539144,3.3821697
1.7975422,4.6468024
5.6097097,1.9070941
5.4880095,3.900764
2.7957225,2.7367537
2.6291459,2.7866545
0.87109375,4.971782
0.77172387,2.9400792
1.1102207,1.7231572
4.860489,0.803325
4.327864,0.5739678
4.0363913,3.6020558
4.932295,5.5216146
0.31079113,2.125945
2.3486028,1.336067
1.4858993,4.1400456
2.781581,6.3010974
1.8025333,3.0326562
4.198909,2.9422607
0.7233121,4.2293367
2.3457713,0.74809164
5.7736015,1.2866852
2.292421,5.026234
1.2309417,2.4019806
4.438185,3.2759948
3.1779792,5.7729917
3.2628257,-0.3928363
2.141662,5.5749264
2.2209508,2.9243252
4.8222218,0.19992734
2.686285,5.3678575
2.5215402,2.6116898
1.3305088,4.125993
3.0292463,4.9781904
5.0024137,3.2911875
2.7857194,1.7729079
1.1677741,1.9408044
3.1439054,5.068729
2.3313437,1.6202438
0.41417933,2.7791026
5.0347805,1.7224017
2.8879108,-0.10424532
3.7113686,5.6057158
5.9195666,2.5802474
4.6779165,6.0784016
1.3409,3.2863836
1.4907633,0.97028106
1.3849174,2.4804914
0.84049195,3.1334977
5.14731,0.9465156
2.8340178,3.5762775
2.0669909,5.214309
4.143591,0.70658344
4.216374,5.6038594
3.2313426,1.6300268
3.1904738,4.954781
3.9651706,3.5143476
3.8036325,0.47240585
3.6855738,4.1306033
0.36470246,3.2629137
2.6025085,4.319573
3.5170786,3.592396
1.8923742,1.5342685
5.157359,2.613716
5.054797,1.6120548
5.285914,4.1482253
1.7943811,4.444412
1.8554229,5.072774
2.004215,5.3645606
5.114587,0.6765605
5.0148587,0.86809784
6.243259,3.5081437
3.8850899,5.392519
2.9412382,0.8136382
4.075335,0.27954438
3.3937745,6.1996565
4.547263,2.516296
4.193135,5.0589957
3.7996058,3.3071306
1.9684856,4.771392
2.1564262,2.937023
1.993335,0.37419453
5.0299788,2.0299535
0.5630772,1.7264755
3.5629783,4.4856915
3.3915546,2.4294436
5.0021214,4.272028
3.5962942,0.47083426
4.4628944,2.7963614
3.4328878,4.493689
4.820978,6.243264
5.3833094,3.7917337
4.2500963,4.4387403
5.7128224,3.139056
1.9441668,4.9800124
2.112353,2.5689137
4.331768,2.1584496
2.564026,6.256898
3.7814898,2.775613
6.3248134,4.3273044
1.4060595,5.2162595
2.0168447,5.282645
1.5825256,3.4130056
5.0763345,1.4605831
2.448862,0.35582173
5.155472,5.0072365
4.9019,3.1205451
2.7928095,2.1312454
1.6214641,2.255385
6.218024,3.0531387
6.3852983,4.582079
3.917557,4.972523
2.6374793,3.0200152
0.9093707,2.1071534
5.3275847,3.8647568
4.8364897,2.0380714
3.2073076,6.250181
1.426451,3.9117246
5.097066,4.494797
1.1220925,3.1905823
6.102072,2.3107426
5.3739266,3.3033872
2.0909808,1.8597718
1.781302,2.1450427
3.3577507,3.7881446
4.6082654,3.6328623
2.1777687,2.5187006
1.9821692,0.59527534
5.0629745,3.0635705
2.45237,3.3373015
1.4349602,5.005996
0.6269429,3.342694
4.819135,5.608512
3.861794,-0.16126986
3.6252794,5.980512
1.1376294,2.2552235
5.6853004,0.98947763
3.9529603,0.84846807
4.3632903,4.4782286
0.9511462,4.503396
3.145073,3.705159
0.51393074,3.3450031
3.9862258,4.1812763
3.3373442,2.3802986
2.3101304,4.209765
1.9372995,4.30289
0.83615905,0.8727844
3.1564577,2.8998225
4.0191584,2.2219825
4.5417323,2.7487206
2.6851187,1.9202431
0.30398223,2.900847
2.8455856,4.158178
6.648582,2.0704918
3.364558,2.1559844
1.7180047,3.146081
4.9047813,2.2085931
5.5543985,4.0593877
2.5482895,3.6429667
5.0865345,1.0945327
2.4110374,3.4872186
3.6398046,5.4898634
2.399532,0.64869946
1.760376,0.5992448
3.766207,5.0208454
4.763894,4.8962827
3.0967023,4.823267
4.3903995,6.3312817
2.6989949,6.626034
2.6941662,4.9166226
3.119739,1.789406
3.1296055,0.15602604
1.8016883,1.4682859
2.0939448,4.9172974
1.9494885,4.227802
3.0206642,5.8612394
3.059342,5.653426
2.1380327,5.3812923
5.808862,3.5717924
0.074415796,2.7401395
2.8268733,4.677058
1.7358,5.2837844
2.8746104,3.0456097
3.8875165,3.5221093
0.8611242,4.3185787
4.65741,-0.32915634
4.724695,3.3050735
5.9121146,3.8018131
5.8691444,4.888372
1.965164,5.0353417
4.0559893,5.603367
6.3131356,4.0547485
1.3281933,1.5495524
4.4063497,4.0604053
2.954223,4.2525826
4.630559,3.6152215
5.2152777,3.2156448
2.648522,4.9061165
4.2490835,5.686615
4.010801,3.4269505
1.1507338,3.4247224
4.8924766,2.791021
2.8083282,4.921898
4.163944,4.3354654
1.481744,2.698321
5.421877,3.7622707
3.6690512,1.6534156
2.328463,4.7696657
3.6870983,4.324734
4.9493103,1.78218
4.5002003,5.369577
3.6369505,2.716106
3.687602,0.9140041
3.891986,4.5312533
3.9530776,5.4047513
6.008567,4.680127
2.459753,3.2968729
5.3840914,2.2184536
1.1841116,3.6364522
3.602804,1.9729973
1.9793252,3.2176085
2.2660987,6.436699
5.3735147,4.9639215
2.540906,1.1658947
4.8315377,4.314355
5.061915,1.4890671
0.4502114,2.5949275
2.1917005,6.3040214
4.152067,5.6833997
3.7711427,1.8066247
1.5110031,5.772155
0.2257873,2.7312462
2.121698,6.008952
5.8496685,2.994371
3.0166264,1.8548392
1.1315906,3.9221666
0.5963459,1.6463364
4.430442,4.0518923
2.4284809,5.979215
1.3526247,2.3821638
4.637629,2.59795
0.82060224,2.2219107
1.3964732,2.9161532
0.7615547,3.7291608
4.353404,3.5389059
5.793353,0.9389504
4.01709,5.969636
3.692663,0.9736212
3.9629767,3.0095181
2.8234267,3.9224353
3.5785782,1.4971377
3.4697452,2.3179412
2.9570544,2.6162903
2.5911102,2.7622
2.922114,4.637136
5.693865,4.0783205
0.921982,0.8262653
3.2002654,0.19981413
2.87152,5.2435727
3.5672202,4.6020474
3.9072375,3.0660079
3.368164,1.6089598
1.0142838,2.9710414
5.1326895,5.3798294
6.4243965,3.5262651
1.126806,1.782888
1.0984671,2.5199053
2.827221,5.873144
3.7133002,5.540476
4.9626102,1.286955
4.671485,1.5535542
0.7770104,1.9327105
2.0191882,4.404066
3.7918732,3.5882173
1.317632,1.8494592
6.850328,3.493916
2.3821418,3.8204582
3.9848795,5.7444654
2.7731392,3.3785484
5.282334,1.788679
4.0315337,4.010603
4.7617273,5.8860645
5.0997567,2.3524714
0.10425824,3.5885851
2.4189005,1.0699645
5.000215,2.5216186
4.9577603,3.1876416
4.501465,3.8889632
6.136103,3.180718
3.2665606,5.4160876
2.655092,0.07114606
3.1777647,4.640133
1.2942046,0.9414543
3.1851697,5.6397557
2.073107,3.6597912
0.9456627,4.838232
0.13840549,2.1828876
4.467106,0.2540817
4.1881113,2.9517694
2.439829,5.0038853
3.8133788,4.1888485
4.738992,4.844551
-0.1316658,3.0461812
6.7763424,2.5017498
6.521583,3.5974748
2.459987,1.2825388
1.1503423,0.99734724
5.3051467,4.1088457
6.713542,1.8121606
1.7568384,5.175352
3.9682386,6.25544
2.71301,2.027986
2.1258655,4.335131
4.623566,2.181711
3.0666676,3.5808294
3.3233285,2.5680053
1.01117,3.9968283
1.1595069,2.1386232
5.069354,2.7240474
2.0821297,1.8258059
2.267241,2.9656103
4.2808137,0.70830995
5.6060762,5.1913743
0.75613564,1.3412995
3.3966835,2.3550963
2.1800454,1.0422561
6.242105,4.0696373
5.0275183,6.069549
1.6196964,0.9240674
2.8303435,3.3413692
3.7838407,3.8310218
5.7272253,2.576471
2.8774657,0.6931647
3.1243434,4.019576
2.6587863,2.359373
5.051279,1.1406095
3.023966,1.1717411
0.87286407,2.1718383
2.7412798,5.0367737
6.3769937,2.6900845
5.8713937,1.2129428
4.8573575,4.537673
2.9996417,0.8862106
3.103683,5.3313
3.5511951,6.336181
5.201172,1.663964
3.0079207,5.1236515
4.156198,3.871268
5.2157354,3.7203677
1.0189389,2.787177
4.649802,5.0773835
2.684602,2.1434927
4.006386,1.1287501
4.2607903,5.93467
5.8794456,4.5457134
4.8752885,3.572003
4.708137,5.300645
0.8322804,3.8801308
3.836431,4.597305
2.172586,1.2205358
3.9227734,1.4785134
4.3777256,3.6713765
5.2566147,3.8052523
3.6355484,4.5135994
5.1132708,4.4553075
5.4516835,0.724869
2.3318267,0.75771827
2.7502737,4.5904007
5.165768,3.954093
2.6114132,0.32908133
4.938394,4.0669007
1.1169792,4.5129204
2.1404269,3.7243207
1.2613434,4.6323514
6.253069,3.5298185
2.80646,4.150334
4.662047,4.0946693
3.6714509,6.5208435
0.01859176,4.321558
3.2839222,4.6527267
5.3242445,3.6667292
5.347984,3.6647143
4.2385745,1.3433679
3.7379465,5.457824
3.0470932,2.3633907
2.1997437,1.3601724
4.7181196,3.677485
3.7825015,6.0297613
3.2082655,0.13646024
2.6440673,3.3383796
3.0789335,3.273654
4.078879,5.035764
5.18132,2.4219007
2.4804301,2.902834
4.8990545,2.335764
5.0792933,3.4458363
2.6280556,4.899612
1.0211489,3.6029506
4.4559174,1.4678736
1.8116404,0.5404571
4.5661416,4.0330367
4.3858213,3.7155237
0.23530613,2.2410772
2.7014935,4.643397
5.229402,5.688233
4.3201566,3.572628
3.6860805,4.3915896
5.8157215,3.6158352
4.157913,4.837946
0.2634993,2.2706022
2.8771896,5.8272543
2.6377206,1.6764246
2.4753275,1.3182356
1.2965629,1.3523904
0.017975952,3.6231015
6.137215,4.0055275
2.4685345,0.9297834
3.574944,0.7353494
2.8534994,3.1326878
2.9918828,4.036093
6.523975,2.2949789
2.459353,2.8119469
2.9927707,3.9231942
6.7143626,2.7581544
3.5047395,4.651022
0.8237639,2.6273942
2.674056,4.9122725
6.6224136,3.3322585
3.1415255,2.3210483
2.481862,4.4396443
3.6154125,4.5844965
1.6912296,1.6551491
6.959307,2.1569042
5.7575207,2.6875286
4.688268,2.7602386
4.6751165,0.95169294
0.6212193,3.8502047
3.7393188,4.280213
3.7764366,4.1818256
-0.2494027,2.6608675
4.613724,2.3907547
4.2571545,2.6506205
3.7412565,2.468517
1.0254219,4.6299925
0.9209994,5.304949
2.804058,1.0964198
2.7956865,5.047038
5.533883,2.1952643
3.7993312,2.0642273
3.0329697,2.2703097
4.0832386,4.137804
1.2257798,2.8682983
2.7301567,3.5530646
0.23854306,4.1234946
2.423842,4.098413
4.831578,0.66686153
4.4394693,3.3318589
3.8826585,5.013588
3.0181968,1.6645902
1.4011742,2.779148
3.5711598,-0.4515233
3.3587794,2.9319289
3.753858,2.450926
5.218461,1.3478816
2.2226665,1.8482971
5.7787423,3.8825479
0.26933977,2.132197
3.4214256,3.5732744
4.523508,0.39711702
2.2523863,2.6516767
2.8507242,2.5026863
1.2306342,2.0616052
3.9775681,4.701139
2.5549169,5.4580846
3.399185,3.2083087
1.9372772,2.6100018
1.3779703,3.5360935
3.990393,1.4699488
3.4002602,4.810563
1.5103487,4.7228627
2.4273264,3.6786947
0.66095644,3.1331844
4.905116,0.23268236
1.8688307,1.1778426
3.6853979,2.245583
2.1817503,4.568334
5.014993,2.938768
1.674005,4.7929964
3.2886443,1.1209532
2.5117512,5.0688176
5.3257957,4.783379
2.3791494,1.3391409
4.2520776,2.1019642
2.0449576,2.0397027
2.2394783,0.92727476
3.3519163,0.37452394
1.3189037,2.985529
3.415355,1.628595
1.3274332,3.8232703
2.2464588,2.2892318
1.6789031,0.33934566
2.017184,0.1896863
2.6750438,-0.07420878
3.349889,4.9932966
5.2683654,3.2927482
2.8833582,2.768371
2.8542604,2.1942406
4.5982757,1.4042063
5.80399,3.2860796
1.3191638,0.6913138
2.4787037,2.6755037
1.4815166,1.7869692
3.1711586,5.1617484
5.440637,3.2830007
2.5678632,4.6403947
0.52275044,1.4151466
3.196921,3.9991899
2.7296906,5.1856766
6.748809,3.3285487
2.235146,3.678448
6.494139,2.9140453
5.3831315,1.300891
4.975224,5.4942756
1.5145596,5.6530323
5.221786,4.550707
3.8724742,0.8689715
4.610285,2.1345863
3.8469832,3.8792908
5.9527655,2.0620058
3.0553436,4.5082793
4.5342965,1.7539043
3.003087,3.0514712
6.312837,1.8753266
2.430252,0.42817864
0.19128928,3.2354965
3.2230968,2.7533333
3.9581513,-0.51540387
2.6529672,4.533132
1.2194623,3.0519242
4.3224087,-0.33466968
4.6182194,6.291625
5.6280184,4.2669663
4.1546903,4.641823
4.136821,0.031719297
3.55078,3.8395698
4.1465235,0.06551926
1.1754286,4.8861365
3.1056964,2.482213
3.003828,1.3916787
4.7395797,4.5632906
3.614111,2.9206445
4.395623,0.9808266
1.2412297,1.6099628
2.112261,5.884876
0.1884065,3.7549057
1.946911,5.0693736
0.9045976,1.0382036
0.48126996,1.9446996
1.2960113,3.3030474
4.160939,4.26841
1.4654052,1.8350877
1.5335798,3.31495
0.7623738,3.4156523
5.788242,1.4166843
4.5833974,5.494847
6.265754,4.473613
5.1729894,0.06600465
3.3608563,2.4913595
2.2812257,4.4312186
4.277628,6.5964646
4.4615335,2.0095582
0.5362151,2.9235318
3.1488552,2.3243368
3.186083,1.7385991
2.1441457,2.990553
3.6946397,5.98533
1.1454453,5.202773
4.3209305,4.917345
3.3522267,1.3312283
-0.24342327,3.3765328
4.770049,0.9559158
1.8877574,5.0814056
2.124257,4.313904
5.975683,0.90405893
5.3242154,2.7010508
4.877797,4.5491076
2.150619,1.9298711
1.9798368,5.383647
2.7812676,3.8881867
4.6192765,0.6043491
2.8446033,4.319392
1.4045287,2.843517
3.0148945,0.51320505
1.8325759,3.9735653
0.71810913,1.7543957
4.065172,1.7121683
6.039877,1.982888
2.0867229,2.2666368
4.272352,1.784316
1.1839486,3.5757027
1.0182753,2.7089055
1.1513339,3.3061955
1.4037424,3.4490883
4.222957,3.3500683
1.3657093,2.3321826
3.270223,4.059694
3.693665,1.5060567
5.94233,2.7320795
3.0684433,3.7180552
5.936898,2.3818636
0.61710966,1.2910926
0.55359143,2.1906598
0.9547921,3.1163027
5.569638,3.1958842
3.0717378,1.542043
2.3337321,1.5971178
3.0553567,5.3493648
3.5986772,4.595552
1.5829197,0.96431506
5.0762806,3.13369
3.9063087,2.787795
5.1935716,3.0764778
5.059861,3.3824754
1.3989247,4.454255
4.9431753,3.9209678
3.909455,1.2490972
1.7493637,5.0548024
0.84596497,4.131048
3.6352663,5.115997
2.7968457,1.6661259
2.1584442,2.221879
3.1888468,6.4645677
3.353841,2.0632968
1.9710135,1.4707689
2.86667,4.6330504
2.2382023,3.148445
3.298592,4.07408
1.7261055,3.805813
3.5458467,0.3477317
4.8951616,4.386406
4.921021,4.5142355
3.359973,4.8432703
4.325506,1.4421973
5.527019,0.57547826
2.4475007,3.051548
1.6868092,3.1401615
2.0279894,2.4905603
4.937666,1.6186825
6.0795574,2.7471414
4.9153767,4.3185873
3.9755433,5.2600026
2.4752393,5.590373
1.0822805,3.1743214
0.863163,5.1109366
3.5669549,3.0857425
2.4812326,3.8501596
6.298537,2.504111
2.7301621,2.3194292
5.060624,1.7166141
3.5230165,3.1302955
3.8533995,4.359451
3.3298554,2.8478222
2.5920699,5.864362
-0.025062844,4.538015
2.467257,4.6070504
3.4987965,3.79411
5.945743,1.2766141
4.4077964,2.8302205
6.4803367,3.2894819
2.7204957,5.2623777
5.3926897,0.6217455
1.6236019,0.83973116
0.84014004,3.839058
5.063727,3.9778996
3.0331411,3.8563538
1.5776266,5.6795588
4.335185,3.2785704
2.2757566,1.7767767
1.9305837,0.9370471
1.0397484,0.3880229
4.07331,-0.12629771
5.137253,2.9513726
2.604018,4.2867723
3.7110083,1.7180634
5.743152,4.1207848
5.217601,2.904502
6.425741,4.7965155
2.46834,5.8841734
2.1030421,4.8190618
4.6776557,0.28895068
1.7366105,4.3725677
0.6147055,4.146433
1.3311455,4.7230906
3.102416,0.75592446
1.4511052,4.371508
4.2595477,1.673116
0.17032702,3.8749015
1.283947,4.090679
4.057085,2.0504115
5.574248,0.6146297
2.0272095,2.7930975
2.3075645,5.61228
1.8971236,1.6220046
3.5428789,1.106088
4.067426,1.836621
5.864902,2.48422
1.8391204,1.6249616
5.10384,2.6563888
5.942498,0.6271698
4.2795787,0.7004743
3.6765823,0.24532673
5.2105827,2.2918472
2.9787798,4.0484405
2.3989718,0.7200439
4.678267,2.1202981
5.874492,3.0984848
4.6573954,0.32691142
1.9572972,6.0940013
1.9604841,-0.11859672
5.904296,1.6233244
2.4845886,2.3239553
3.9652588,2.061252
4.506708,5.0173287
3.5408523,0.9523405
2.239718,1.6869096
3.312305,1.9746213
4.2229366,1.9153417
4.7288065,1.2935176
2.790027,4.1828384
2.0191762,1.0008434
5.2761006,2.1523619
5.2509956,0.69729817
4.4436893,3.4406486
5.648348,2.842472
5.5806584,1.6287273
5.8426704,2.3967254
1.4787877,2.1964571
2.523892,1.8540946
5.8096004,2.851294
6.3963017,3.6657796
1.050471,0.77555805
0.87813205,4.341713
1.2991266,5.233625
1.9505486,2.2114236
1.5838284,0.914561
1.3116201,1.5294064
4.419012,1.67278
5.307324,0.55247897
1.409566,0.6929891
3.6411471,4.3876295
3.5751543,2.2693863
5.0228887,1.1418042
5.633498,1.3089222
3.3293433,4.7001467
5.6686735,3.6772795
3.7029412,6.47226
5.2003393,1.0540589
4.7556176,3.5530598
2.243988,1.866829
6.3434596,2.1346488
3.8769197,2.6990545
0.30499128,2.0445502
3.0425324,4.6865544
2.8426623,1.1587263
0.00972408,3.4935205
4.8636436,1.9639198
2.3430376,5.1848025
3.3267727,1.7702209
2.1254985,3.7892938
5.019503,2.3782878
0.5040071,1.6886623
1.8384743,6.09861
5.2544813,2.8570836
3.6275048,2.828765
3.3874793,1.3277441
3.5030353,3.5946553
1.8900708,4.8211784
4.215038,2.3821354
3.835324,3.0017796
2.1134639,3.291521
4.035194,6.044739
4.149461,2.919449
3.36527,0.36438084
0.7465199,4.2619395
2.0254624,5.4764123
1.6139433,3.6647813
2.0433903,3.1602666
3.40503,5.0236998
5.9965816,4.1812015
5.2468266,3.7926066
3.7890215,1.775594
3.4562023,1.014814
2.3185763,5.699297
2.2210379,4.330338
5.343133,5.789615
4.0470223,2.2106133
2.389637,4.860236
2.4086099,4.2969913
6.5145826,3.7558496
1.7964271,1.9817146
0.3100144,2.5028477
1.4279442,0.081940256
6.4096174,4.3975987
4.095571,5.9321876
2.9214346,-0.6029985
3.7538319,3.9994206
1.7677481,2.9813323
5.696509,4.017217
1.2581688,4.18178
3.8880494,4.467211
4.1217165,1.0027801
4.5495744,1.0369549
6.0438023,1.3343894
2.3351445,3.1558943
0.7076285,3.3178906
4.718384,1.0887123
2.9217582,0.8778379
2.2761564,0.42559776
6.656845,3.40326
2.6482542,5.189538
2.411237,4.425897
4.7978525,1.7968116
4.455835,0.24774282
0.95826685,4.5357413
1.1248932,1.1999414
4.1778293,2.3231714
4.6617236,4.097417
4.597011,1.1726117
1.98745,3.2753105
5.6873555,3.5731952
5.9353447,2.1817703
1.3481891,3.4864278
0.80332917,3.3136637
6.013273,3.5768223
5.1101766,1.6455563
3.5342283,1.7370579
4.0045977,0.40643582
6.037762,1.8407931
4.784599,2.7092264
2.8274932,2.6113353
1.4821383,4.7598076
4.887386,4.5765786
2.6517105,5.124659
6.567528,4.1873264
1.2794884,2.7599971
1.8909519,4.4369016
1.00403,4.0061083
1.7637147,0.592172
5.5380898,3.9302397
3.5430562,3.5410545
2.537693,4.869664
2.2768989,4.266051
1.5704105,3.1631458
5.798134,2.6597908
6.3304167,2.7640839
4.058709,5.2053804
1.252115,3.5883846
5.47941,3.8102026
0.6519893,3.1997128
2.338691,2.8764791
0.793384,3.0122542
2.325636,2.3305678
4.6804695,1.589898
3.6532824,1.6042353
3.1752858,3.7611625
4.1917095,0.13256659
0.80594724,3.8937488
0.25195822,2.5960789
0.23106667,3.5059192
2.5199502,5.910615
5.81752,3.5688636
4.1197724,4.009281
5.2885766,1.2636576
3.4771795,5.615854
1.6136034,0.9922188
5.3622456,4.208831
2.947338,3.4075456
1.3461708,3.658034
-0.17090191,3.3660843
4.2007723,3.9000049
3.4167883,3.5850215
1.9224651,4.1755304
4.866517,3.8026798
1.4513036,3.9939494
0.7802001,1.2129182
1.3166667,5.0295997
4.7941422,4.1036263
2.9096184,2.8883765
2.6434424,0.026743189
1.8520892,5.301351
5.830597,3.3082614
3.477296,3.7438295
1.3865982,3.8475728
0.31350946,3.697493
0.5581893,4.7022204
2.312905,1.0136405
6.163543,1.9829895
5.4058166,2.5255008
5.3516874,0.74892265
5.1135354,1.9635135
3.023559,0.24570015
3.867264,5.857306
4.0798807,4.8186255
5.8608,1.5375276
2.820809,3.1775992
1.3918694,6.005868
3.541408,-0.07988736
0.654635,3.8273916
4.6666465,4.473128
4.3812075,1.29412
5.0534515,4.229124
3.9485998,3.2187285
6.27588,4.668954
5.127554,1.7454054
5.3295994,5.6691527
4.73218,1.807065
4.9458513,2.4331257
3.9397304,5.460731
3.7302027,2.8863058
4.6891704,4.9839544
0.9403775,1.2451327
0.9509235,4.531343
5.0349026,1.756024
2.5719924,2.5087354
4.4701104,3.8063042
4.2339554,5.7780557
4.7290196,2.905389
2.8326702,3.608955
4.126574,3.6076226
6.004534,2.573361
4.740462,6.4269495
3.428687,4.1455216
4.6565742,4.7887096
3.5051615,2.507803
3.7736993,2.6911209
4.733764,3.7721987
4.7595334,2.6115308
2.3308785,1.7050471
2.6489067,3.7372804
4.120987,4.5812364
6.804921,2.2367718
4.2691007,4.1754246
1.9109848,5.1219177
2.0012772,3.1987689
2.0693812,2.651035
2.6440432,1.7754213
1.5366399,3.445356
5.998033,2.6527216
1.6791574,3.347139
0.88120836,3.9612386
4.3261724,5.860917
2.5597227,2.3872993
2.8069422,4.060468
1.7040695,0.16570863
3.4267154,5.309751
2.9058564,3.0698056
3.397415,4.0427685
2.7719233,5.123265
3.9805834,3.633796
5.725903,1.865758
5.9360695,3.7698293
0.9306112,2.7494454
2.5435963,0.40380138
2.1049945,2.8852403
1.9131824,2.7985585
1.8826752,4.3294973
5.8430147,3.121837
5.057827,1.8492408
1.4619045,2.77722
2.2880177,4.069157
1.1954144,2.1868403
3.5573983,1.8466681
0.81044465,4.683868
3.0901315,4.792751
3.7324393,0.5790816
4.191845,0.7887647
3.34096,0.8445189
0.47502384,3.4524615
2.5610344,0.9507452
1.8088467,3.6275737
3.836039,4.117217
2.7941282,2.3697517
4.111484,3.6744628
2.2518206,4.5105743
2.71777,1.3755716
3.6101444,3.7113333
5.269588,3.1497087
2.8700683,-0.13619293
1.6896466,5.597457
2.07178,3.029201
5.543623,3.1335506
1.3134024,4.5785127
3.5358,0.5097282
4.9644723,0.98771787
2.7204063,2.9888656
6.7566786,3.3281133
3.9556234,5.2435107
0.7353155,4.3659997
6.515654,3.6913915
2.3950684,0.3436079
2.7354279,4.3031335
4.9270463,5.35195
3.2879195,0.028621139
1.01635,0.90754473
3.7363439,2.6858792
4.26849,0.607746
4.6026063,0.17153609
1.6900452,1.7445918
2.7320704,6.0733776
3.6349857,3.1548436
4.144758,5.8718925
1.545527,5.244697
2.2117164,3.0968847
1.0404303,5.0375104
3.4805233,5.8061357
5.0194974,4.1778374
5.421684,3.4426906
2.7680104,5.909361
1.5215609,2.2824488
5.046147,5.7223835
3.2822654,2.2770264
5.5571566,1.0023705
4.5472255,1.3591645
0.45982683,4.517772
5.055424,4.60044
5.535477,0.8529843
2.472048,2.2314837
2.5598948,2.344846
3.062827,5.341169
2.1228185,5.1081257
6.4362173,2.942793
2.9318821,3.9614868
4.134721,5.082314
2.0471919,1.2448565
5.9414673,3.3681407
4.470379,0.7858663
2.5484176,2.4969378
5.0035596,4.2695947
3.3076189,0.89019877
1.143866,2.2018812
1.6461425,1.8929672
5.5033975,4.5531907
0.8959911,3.6778598
2.9793868,2.3367777
4.0142336,2.4551277
3.0980194,2.9014368
2.968656,4.6452575
2.783031,1.7843717
2.7284405,-0.14910364
4.426951,3.4495962
4.454811,1.9683586
3.3042693,0.72638637
3.8619747,1.356543
1.544058,3.7191224
1.9959806,4.3310494
2.117705,6.0030503
0.5981884,2.0853198
4.440603,3.2501118
4.618228,1.0085694
0.8656295,3.1269119
4.733931,6.6570244
3.1611652,0.6293917
5.990746,5.244911
3.8191967,2.7167172
2.3349123,3.3285887
4.7030096,3.7986407
3.9552135,2.0017302
2.502454,1.372642
4.0237193,3.001917
4.2846518,5.2914476
2.6153831,4.150726
3.1564016,3.9545524
3.752386,0.6173709
4.8426867,2.3594236
0.707355,3.8587852
3.0917914,1.6542675
2.895326,4.1505847
5.348684,4.139123
5.943879,1.3575372
3.7710629,3.0116117
4.7216005,5.522504
1.6130717,3.4705632
2.2160554,0.46159968
2.1618254,3.824572
4.82946,4.9390144
4.349685,4.0049562
5.293395,3.0105739
1.4345826,4.1518874
6.605236,1.5766475
4.0839443,1.5684538
3.1745496,2.9888377
1.6045331,1.8266034
1.570243,2.6437104
4.7636995,1.138431
1.7341928,0.83411497
1.8672286,4.420445
4.7289743,0.28509763
4.4083934,2.2539306
2.458104,5.05899
4.103778,1.8907809
4.8309455,3.4847584
1.3339478,4.364298
2.5960634,5.080021
2.1731582,4.7556834
3.0073063,1.3739874
3.3674614,2.3179252
5.2070904,1.2985568
4.7424607,3.00541
1.9936411,0.5061081
4.6782475,1.1524847
3.7919858,3.4299402
5.7941666,3.2246263
5.631131,1.4952183
6.758578,3.693934
3.2104545,4.149768
2.4532194,2.4144957
3.7850547,1.142104
3.8982656,4.805863
4.8341026,2.3296366
3.1548698,4.0167046
6.0082526,3.6162992
4.3604465,5.563103
4.9473844,5.603307
0.99928,2.3413782
1.8929536,3.667765
4.0228624,4.9826736
2.8874674,2.6760654
3.105958,3.3764203
3.0568187,1.822233
3.1425877,5.3303638
4.73976,2.1646247
1.1889793,3.555292
2.8879206,5.2679124
1.4630913,4.3066683
1.9190724,1.5744811
5.599147,2.2544098
0.31568056,2.3707018
0.006523919,3.13954
1.4932982,1.0098883
4.404322,5.4269753
3.5258014,1.0654337
0.80465716,5.288478
0.53297573,1.6730752
6.583147,2.9366558
2.1398058,0.80673784
3.65156,2.024369
3.9162843,3.5960393
5.967205,1.3842865
4.4800315,1.2653415
0.39886364,4.141038
3.1725898,3.7216735
3.5915616,1.8254768
5.524299,3.371157
3.5224931,4.134781
3.460508,1.0830053
4.3673987,1.2673885
2.0190926,1.6838436
4.334468,3.7383618
2.7663863,0.77141654
5.4059224,3.4860709
1.7802707,3.5311282
4.854431,5.822397
1.0892677,3.1737785
0.36687312,3.78151
1.0437107,3.96882
2.2415287,3.0629346
3.355647,4.552662
2.800799,3.071818
2.572456,4.3129053
2.96176,-0.2603039
0.47520643,4.153013
0.9521298,1.9688168
4.2228665,3.8004537
2.1674733,3.250317
4.6578593,3.8315547
3.814533,5.9804583
3.6030858,-0.31097293
2.6125042,0.7610568
2.5620828,2.2150953
4.871216,1.6206156
6.17972,2.653644
4.853168,3.17712
5.324958,3.709511
0.7578941,3.6524208
1.759812,5.2858057
1.1119276,4.9878225
4.0816865,2.3770092
6.0840516,3.2524774
2.1745675,4.954821
5.1333385,4.1793413
4.4353776,2.5819585
5.656325,5.515426
4.0441413,0.9308563
2.823245,5.510583
4.9925685,2.2401347
2.844,4.1867867
4.373716,1.3140872
3.9439292,4.4952126
2.713641,5.8099914
2.3114417,3.78882
5.5060415,4.2634125
3.5626876,4.6262736
2.7046459,0.7393755
0.59182316,5.057869
1.511336,3.8087306
2.0367715,1.9866769
4.591403,1.3932052
0.97571766,4.8533645
2.0541425,5.8913465
3.814585,4.762545
1.0990096,4.3069983
1.700367,3.1295097
3.7456698,-0.049039014
2.3858953,3.3527842
2.0421026,3.0998416
1.2426119,0.80871373
1.4721969,4.773039
1.6224223,4.116771
5.244622,2.3338678
0.9457404,2.1442802
5.3545423,2.581021
6.0923305,3.646929
2.0127175,0.690505
2.507631,5.77481
2.6278992,3.238291
0.96918505,1.748469
0.58816767,5.1269393
4.7230606,2.1551876
1.8996772,3.566967
1.5825254,3.908224
3.7238328,4.3282585
3.1207461,5.4016585
5.429345,1.189962
6.1351204,1.6823792
1.4042886,2.0860407
3.25446,0.13366106
3.1894965,4.4499936
6.392063,3.2416341
2.4853816,2.2347214
2.2131872,3.5624225
1.8935591,4.0736837
5.2828364,3.199597
5.541131,3.1786714
3.2058423,3.7807796
4.6940937,3.524617
2.0407472,3.156371
0.5412902,4.652883
3.9583888,0.58203816
2.7482607,4.235143
0.3412286,2.7080264
3.4672117,2.269774
3.7780626,5.2652154
5.2116866,2.0077374
4.015277,0.22416838
1.8168013,2.6240027
3.7474122,2.1388705
4.2248135,2.353829
3.2255254,3.2775075
3.4792092,0.86886424
5.4200864,2.2735195
1.4261521,0.6611316
1.6498792,3.83321
3.2439744,0.82220507
3.782213,2.7725184
4.217105,2.4188795
5.1815367,5.17251
6.781409,2.3636408
5.438041,4.272012
2.92742,4.3104386
3.8190737,2.8661957
4.47911,2.615609
3.553151,0.5006512
6.1709995,3.080065
1.2453278,4.005648
5.316937,1.44032
4.8178415,3.476225
5.0980234,2.9651542
1.7674928,6.16276
4.217362,5.6455135
5.2354455,2.4431653
5.6290073,4.630039
1.1677042,2.4832845
1.1145247,5.4576597
2.7822542,2.053355
5.2285166,4.803918
2.4440792,3.0697782
5.5882387,1.2179077
3.6504335,5.7812705
4.6847124,3.755252
3.7270699,2.8243067
1.6663654,2.085183
6.4170914,4.661483
5.308869,4.5489616
3.5455937,4.6955266
2.1783514,5.4310985
5.350344,2.8015714
1.4228051,0.3946402
2.620624,4.757768
4.320303,4.13205
6.303474,2.630504
3.2068527,4.961964
2.628613,3.5950508
0.935404,1.7858876
5.107569,2.0671413
6.1587987,4.4051
3.3014326,1.0756614
4.936549,2.887472
6.236488,3.4048898
3.0193105,1.3978018
3.5351737,4.92136
2.9255588,3.1877913
5.079506,3.8614821
5.5397696,3.5114975
6.3706856,2.782271
3.6492348,4.164277
2.9756715,2.8450332
1.5905809,1.3025606
1.9385482,6.5302725
3.6338358,3.108159
4.320259,3.2307649
2.4224782,4.9331646
5.1699123,4.0567503
6.160786,3.1480584
0.7214771,3.5692267
2.6550841,1.3695488
1.3421826,3.8822203
3.2509587,4.506419
3.5787952,3.7020228
3.1039376,2.7262235
4.462687,3.9768474
4.812941,5.234631
5.6406436,2.25278
4.1959352,0.5155948
2.7862098,2.1715941
3.7042792,1.0302243
3.20324,0.100958504
6.07508,4.759051
3.501407,3.0697117
6.0260105,3.976038
0.8789055,3.844407
1.1070383,1.2054112
0.31377345,2.7554677
1.4754385,2.8067331
4.1093035,5.087964
5.489661,1.6874347
3.063602,0.12221574
2.386571,1.7874874
3.8486726,3.3073049
4.8122544,4.854749
4.677057,0.5741973
4.9525886,5.380455
5.2671494,1.9548228
0.17397952,4.504362
1.6923075,1.8226115
5.1090765,4.7555704
4.120881,0.46861413
6.1480517,2.2986677
1.8863163,0.31808388
2.7822282,2.3757937
4.1267533,4.591337
2.4520915,3.9556162
1.1012412,2.4297237
5.3689504,2.927692
1.4006335,3.04424
5.8415613,4.2960587
4.108397,3.2988584
0.7336676,3.5407865
1.88642,2.5445964
4.6098037,1.3612523
2.8675234,6.0906353
1.9188551,2.519197
3.4011111,4.7759495
2.7314298,4.6429877
4.6211696,4.2165637
6.1338463,4.824112
4.411305,3.6806083
2.9266877,0.7393996
2.4573243,3.129656
2.7432754,1.6234633
2.0438638,3.5222664
1.5857903,4.002693
4.477853,2.726772
2.7490678,1.2849925
4.306061,3.3903248
3.2267468,6.375397
3.6076329,2.8698368
4.2677484,2.33128
1.8609419,3.6361208
1.3887348,1.2326896
5.3456125,2.5062416
6.1942763,2.6520016
3.9819348,3.4526281
0.5451485,3.891793
2.8004751,5.325749
2.715222,1.2528104
3.185773,1.0005443
3.1240532,-0.44027027
6.1506696,5.2472305
4.392586,6.159056
2.7819636,5.1765776
5.918175,2.2806823
2.7959497,1.5687182
5.895128,4.2016125
3.2989526,1.066725
3.3543596,1.1504425
2.7365997,0.4421101
2.491285,6.1454744
5.2242594,3.3853426
4.3767548,0.9161618
1.4454124,2.6259518
1.4898672,0.64246905
4.4157095,2.6175902
2.70423,4.1829104
1.5742363,2.8691537
5.0041904,3.6211128
2.1917832,1.4555943
3.0573096,3.8845172
3.1053011,4.3732977
6.110274,1.8092576
5.9433675,2.2279084
3.283904,5.661154
4.142938,2.1545794
4.0448694,3.1570334
3.0724685,3.5967262
5.3226576,1.9176153
4.2979302,0.63471586
2.5107405,4.6741004
6.419253,2.9853487
2.2738616,2.2007575
1.6747813,3.021444
4.024037,3.1188824
3.5579507,1.1588752
5.35301,5.082135
3.8126132,5.6891503
0.9245301,2.8346546
3.3515947,2.036981
2.258372,5.3044767
1.8351051,4.9518433
2.6733625,5.8192387
0.4927112,4.3826747
2.9346516,4.4118843
5.6183925,2.8330333
2.9025524,3.557412
4.5141087,-0.13899438
4.4822464,5.5705504
3.6562562,2.00344
3.0704644,6.3655934
2.0769618,2.9755735
5.528705,3.6330543
1.2962497,5.5678177
3.1580396,3.8866968
3.4507592,2.3530722
4.9656067,3.3627827
1.2326636,1.6441667
3.2604342,1.2914706
1.6604836,1.501497
3.8764055,3.6068923
4.8033104,3.9949572
4.979536,0.31294295
1.1820253,4.7106543
4.203029,0.38777056
5.547511,5.171734
2.1208892,4.159962
2.7658038,5.910503
2.9579465,1.8592198
1.910921,5.8219852
4.2059464,3.4962873
5.146301,4.1107855
5.842042,4.8923144
5.2854733,0.16951363
2.337693,1.7457998
1.1099262,4.2975106
5.409606,5.849314
5.1621904,0.8654779
1.8703805,2.2782636
4.568215,3.1545713
3.246588,5.547786
1.1932478,4.5919113
3.7527118,3.2375925
3.9461155,2.055457
5.6536508,4.3957353
2.813475,2.2860892
3.3651264,2.5253482
1.4380685,4.725642
2.6239128,3.3330147
4.456849,3.303514
0.436567,3.0896769
1.1281635,5.0387774
3.0017629,4.258441
3.6742973,3.4490747
2.5671127,1.6766485
4.792903,2.7495406
3.4306688,5.865582
3.055218,1.1069956
0.69645786,1.8400339
1.8681656,2.7085114
4.7168746,2.3968532
2.8368676,4.150792
4.3246813,2.4886312
2.222365,2.7330077
4.2878256,3.7730725
2.6966636,5.3727665
5.1305995,3.116127
1.6866146,5.1853538
1.177295,3.6693513
4.51786,0.78685296
5.049559,3.916174
1.9012026,2.1090899
0.4831054,3.071051
2.5551012,1.0212309
3.227249,4.624527
4.4854903,-0.2415241
3.122623,4.0564384
3.2317395,3.4150097
5.544957,3.2618825
1.5467954,1.2135851
3.6393538,2.7180676
5.099277,1.5470237
3.1025457,1.5519927
2.94467,1.4865583
3.5021524,1.9198414
4.341965,6.2981653
2.3391001,-0.14670293
1.770788,1.4461527
2.8801978,3.0434225
3.8483126,-0.13568604
5.1416144,0.33950955
1.8487678,0.24912173
0.55787945,3.6972077
4.094204,2.285293
2.7862964,-0.22212182
4.387351,0.9115679
3.434292,6.217192
0.8800204,5.48061
2.0612109,2.4664152
3.6414015,0.5294425
4.949178,0.7549848
4.4067106,1.6126511
5.4916935,2.7322807
1.9421681,3.3696089
3.709868,0.35458726
2.129639,3.4643526
5.5940433,4.6788583
2.9690058,1.0635552
1.6849713,4.973603
6.2551746,3.4313555
3.1971202,2.2385836
4.916283,4.8941307
2.830744,3.3984594
4.1403265,1.8505462
2.8707614,2.03136
3.2952209,1.7428194
1.785987,4.902271
0.37442672,3.61707
4.5651674,5.2403784
1.000965,4.4013724
2.370256,5.9310203
5.5225997,0.77670395
3.9229386,0.6602218
1.2154582,3.7106662
0.39318922,4.6155105
2.0350876,0.13766278
5.100531,5.118274
4.4297953,5.6685023
2.0517814,2.7466218
5.40795,3.2735593
3.4448795,0.8627379
3.2359226,5.7720914
5.9449034,5.1727858
4.6658525,1.907888
3.012037,2.0979416
3.8256288,4.19058
5.0772486,3.8371665
2.4187303,4.8603377
3.8720322,1.0548028
2.1059914,2.0098763
5.431382,2.881093
6.0093117,5.2533555
3.4482188,4.385772
5.3650866,4.9880333
4.988727,2.7073486
3.890731,3.4759345
4.0813746,1.5061816
2.669556,2.4103608
3.58186,3.124711
1.5727683,2.4030964
3.240737,-0.15501036
5.840734,4.5898414
1.6283797,3.1279948
3.0433242,-0.0978884
4.624739,4.950421
5.8441634,5.432166
6.0590186,3.185863
1.7162726,2.112956
2.4947915,3.6586616
2.4103305,4.820272
3.8489099,5.0258484
3.3206446,1.7269772
4.8412986,2.0167317
4.8203683,1.5346544
3.4846733,0.6193934
1.5992328,1.9533391
1.2154576,4.2241197
4.5977197,3.2240484
4.7078876,5.4906745
4.7566466,4.025125
4.945976,2.9481053
3.8141298,3.6845305
1.7507496,1.404802
4.511169,2.2226334
2.2185721,4.3242726
1.7064115,3.4482486
1.6339141,3.4276452
1.6910588,5.4929404
0.64464957,3.901686
5.3110576,3.206713
3.88315,4.0289416
2.4415746,3.7850344
2.8451922,3.274077
2.651401,2.5674124
2.1028988,5.2770047
3.798369,3.8319874
3.4145381,1.9331633
3.1769667,1.8827146
3.0813534,5.2566075
3.1222231,4.857148
3.6661382,2.7304907
2.9525414,4.396901
3.3632388,-0.19309013
5.6066637,2.015381
5.3794436,5.4036665
2.1669059,5.910787
5.647317,3.0641944
-0.22649594,3.4639668
3.97948,2.2240593
1.5795757,2.156703
3.172132,3.3243124
3.9867845,5.9275146
2.7339046,6.309248
3.991079,5.1411366
4.6491184,4.311819
4.3021197,2.6345358
4.6019115,4.99864
1.6109079,1.9805628
4.8169155,0.7067392
4.766865,5.7036843
3.9289281,3.1132967
4.0545354,2.5741885
2.9539354,1.5608848
6.088669,4.2569156
3.9667327,5.4453797
2.2537348,6.1884494
1.6712544,1.6603633
3.2427013,5.149226
0.537881,2.4001603
4.575709,5.919765
1.8176961,2.7540152
3.1157718,5.908386
2.1818423,1.1288562
3.475356,2.8302715
5.2738266,3.101968
0.88598406,5.155239
0.62141716,2.8516107
6.7458878,2.422978
3.2844982,0.81061834
5.4069304,2.108138
2.4815266,1.9446814
2.7465847,4.5197296
4.9254985,2.4628704
0.74996454,3.4318268
1.220113,0.51476955
1.1741055,1.4023254
2.7019145,1.7265074
5.085099,4.399186
1.7729653,2.6784036
1.5577431,5.33437
1.4051766,5.079837
0.7681597,1.0882263
3.5306544,3.661389
2.4806347,1.4580929
0.5122027,4.9807115
0.7585748,2.2056162
0.78460157,3.2050683
1.8389714,0.8274534
3.5492141,0.28537637
5.525723,4.5887146
3.619554,0.023950256
2.9725032,5.9248786
1.076238,1.2680134
3.4965358,4.158489
4.347697,1.1985118
2.3279245,0.8987895
2.6417012,1.7688924
1.7017868,3.740887
4.230243,0.98717266
3.0985322,2.4528081
2.1819863,4.185277
4.434283,4.8367352
5.535421,3.8626306
6.5404387,2.0761204
6.185705,3.661233
2.86213,0.4038702
2.0249934,5.1265426
3.8545265,4.307268
4.228994,2.777831
4.7729897,3.645052
4.1508565,2.5193052
0.8186459,2.467582
5.5546436,3.1385143
2.4852452,4.482962
4.0546484,4.3998694
5.904505,2.5728967
4.6529684,5.341931
3.9786832,4.472702
0.72075546,1.5380656
1.55865,3.5161066
2.9405525,2.872645
1.2084599,3.6178145
4.0538754,5.5670595
4.930907,1.7088042
2.6588473,1.2651094
3.778845,2.6626074
1.384891,1.6989982
3.7096367,1.9227846
4.822698,2.430198
4.5295405,6.4892178
2.8081686,3.2451003
0.89525807,2.9726932
5.1673226,3.2150798
2.5507395,1.2582743
2.7423182,5.08148
3.195584,0.7283247
4.097635,0.9952442
5.0354695,0.76595145
2.3913667,2.454701
6.511136,2.5235915
3.9259372,-0.25506157
6.192349,3.9390333
5.1722054,1.3060502
5.0392776,2.3145669
3.9210126,5.69225
5.978881,3.5655258
4.090127,1.1343039
5.5146155,2.7658768
3.3731852,4.5527725
5.098604,3.2850633
4.119245,3.639602
3.5639496,3.5469646
3.2975636,2.5808601
5.1622205,4.555572
3.1372519,4.97317
1.8799753,2.017705
2.0802503,2.1679444
3.5344741,1.7115474
4.888409,3.3819306
6.47368,1.6906147
2.6790516,4.787963
2.2530367,3.4844158
1.7478889,3.8851876
2.4276404,3.986556
4.146513,3.2037103
2.881551,1.5406588
3.7866833,0.8567256
2.669045,2.2491417
5.9499297,0.9475114
5.556215,1.873933
6.2827606,4.8074737
3.8611422,3.070272
6.4512076,3.522036
2.253822,2.227908
3.2616072,1.4359719
0.70801204,4.771345
4.593093,5.3632007
5.479657,4.082547
2.893581,0.870026
2.1812415,3.4497006
5.8767037,2.2225583
4.737977,1.719386
3.4897277,2.613658
4.5893874,4.571296
1.3976372,3.8013585
2.4716606,3.3816547
4.3698525,3.473832
4.9120903,3.3680882
3.2678826,5.183444
2.1785746,-0.0133342035
4.2026143,1.6638213
2.1921015,3.9990034
2.8291614,1.6557021
4.061813,2.6502998
4.490323,1.8613575
3.9777944,3.4801526
2.822054,1.3327868
2.8610127,3.9065812
0.99891454,1.5521148
4.1537786,5.941535
4.8771834,1.762208
5.12538,2.8252876
3.1511004,-0.034494266
2.9575005,-0.12207889
4.229293,-0.2023886
4.554511,2.2722046
3.3603919,2.5981908
4.846366,2.1124053
1.8953961,2.358095
1.2893353,1.2876531
5.062416,4.342421
2.839971,1.7905903
4.773033,3.2826595
5.551292,2.9452047
3.4101982,3.4326217
4.602019,3.5885699
4.5392323,5.9817586
3.571591,3.8406014
3.2863936,3.7503178
2.5914245,2.3936572
5.862605,4.214179
2.7493997,2.9215305
4.402687,3.2450085
3.3976762,4.678142
2.4819322,1.8497474
5.787794,5.0883436
5.7985816,2.6252067
2.0012808,1.3227077
3.8445463,3.303422
0.7745164,4.7410746
5.2727156,4.6493516
1.077479,3.1914258
4.8767657,3.1210308
0.5835575,1.893587
5.5021925,4.39552
5.678302,3.7499678
4.3004894,4.3884125
4.4267306,2.3530688
2.6087754,2.695925
5.424363,1.8364373
1.0701072,3.8396099
5.9249606,3.2949803
6.2389708,1.9008666
3.436699,5.741216
4.017224,2.529953
4.5514317,0.55802315
0.55127674,2.1556857
4.2258697,2.2639966
3.7490468,3.72883
2.778294,3.7696853
5.8268647,2.1100633
5.766246,4.2472816
4.6965623,1.9641585
3.919274,1.3793722
4.3344235,1.9987129
4.1627045,3.5273473
1.0667068,2.7569196
1.3328406,4.1838727
1.3970383,3.6301336
4.3356404,2.7067165
4.7081437,5.7351675
1.971567,1.342937
4.500984,3.4295206
5.2370577,2.8053274
3.8610113,0.8096928
4.234264,0.51894236
3.6202364,2.5394003
4.487643,4.6145606
4.1572328,4.1607776
2.3022354,5.4552016
2.044564,2.8443801
4.048064,4.778095
1.6008303,3.0203407
3.7121124,4.121749
4.505173,2.290877
4.0844707,6.155564
4.283113,0.37582725
5.434774,4.6452327
4.4736733,1.2736151
1.5017879,0.58246523
2.4088929,5.1131544
3.3950293,3.9748962
5.9105897,3.8199425
2.716952,1.3036194
1.7416513,2.4589727
3.7314441,1.8674167
1.1090325,2.295662
2.5708883,-0.17031828
4.1955924,5.729041
6.2076526,2.3749464
1.2244488,3.91699
5.52159,5.027264
1.2342376,2.6774926
3.455616,4.170951
2.0782042,5.5783386
2.8858898,5.482704
4.101298,2.6418657
2.3030584,3.6403844
3.1243246,2.7201772
1.4855008,4.4304476
2.6392157,2.2528768
0.75672513,3.6215475
5.2024765,3.5192504
0.20877425,1.6821649
2.6254733,-0.13605963
1.4560814,4.8914332
4.1353025,0.69564545
4.7739635,2.2250834
5.0974894,1.2249452
3.7276819,4.6683583
3.901196,5.0110297
2.3589847,0.22438078
4.510593,3.3151433
6.071213,3.003338
2.192432,2.8756995
5.574788,1.7618608
2.6084638,3.388245
1.8679632,0.15148324
2.8590097,-0.39139065
4.594734,3.0855901
5.033162,3.5528736
2.810624,5.0928936
3.3974843,0.81308466
0.7617689,1.745413
1.7408363,3.9938014
2.9558718,6.3362017
5.6890726,5.1777925
5.135326,4.3479004
3.1850212,3.2676108
4.7816377,4.904552
0.613065,4.3765416
3.5216923,5.3682084
3.8586187,0.8366871
4.0158434,4.1225376
5.215543,0.9788492
1.7773987,4.1887774
1.231281,2.8727553
3.0990086,3.056302
4.623844,2.5387292
2.8311014,1.1029637
1.7345452,2.1713226
3.8118203,3.880985
6.302801,3.6769357
0.74056876,0.9383176
2.8296566,2.7772567
3.984584,4.6793957
1.4812073,1.4515722
4.6412034,3.8161533
5.082399,0.6278996
1.9673353,0.14610574
4.9975305,1.4076581
2.3358748,5.754734
6.0443215,1.9222858
2.1428125,4.559106
3.2524228,3.5224488
2.124523,1.6374276
5.938587,4.4977555
3.5566704,2.7759488
4.608491,2.6534767
4.340939,5.4498215
1.5941176,5.3141484
4.700954,5.0118256
4.7087326,2.2193675
3.5038652,1.5752705
4.1613913,3.3008978
0.3092647,2.071165
3.08711,2.0412736
5.8699017,3.681183
2.5846431,2.4470444
3.5733285,3.1777866
1.8308241,2.0453517
4.331519,5.3295116
5.0299,3.486086
3.1598752,3.0670981
3.5228682,0.8126686
3.2257206,6.3683405
2.8931124,2.715197
5.6771617,2.0887632
5.048452,6.0476704
2.9415028,6.651778
2.1032007,2.907952
3.540043,3.3938324
3.311658,3.2382076
5.7046103,2.453486
0.6335026,2.3479385
3.656328,4.421635
1.7314259,4.442339
1.9286484,4.1275463
3.046996,-0.032258414
2.0358577,2.4192624
4.906552,4.4988666
1.6845894,4.928147
3.8558047,2.4291365
5.0465097,5.4197173
3.9976761,3.753324
1.126255,1.4331052
4.0518813,-0.48280656
2.331098,1.7990077
1.981218,2.6946626
1.8315768,4.519249
4.6362433,2.2533383
4.235279,5.496033
3.0653164,1.8456385
4.680479,3.5285063
5.710546,3.4977357
3.6513453,2.3422384
2.8315403,3.4475136
2.8741822,1.9757142
2.2378707,1.6862032
2.8462317,5.5263305
1.8193007,1.8846272
4.57947,2.6634793
4.4016657,4.885128
1.4637802,3.7690227
2.21158,2.289597
1.7473587,1.9096142
4.2480717,-0.47455877
5.8545575,2.7556777
0.91183364,5.404435
3.8788652,5.300816
2.3034613,2.132936
4.957669,5.0664144
4.2095647,4.114689
4.2497544,2.8734002
3.2883902,1.1240954
4.9444494,0.9226869
2.53865,1.1014701
2.5196996,3.09726
2.3322096,1.4289426
4.997285,6.000209
3.8167386,3.9295123
3.5484529,5.95724
0.12562427,2.8050692
5.1645336,1.9154018
5.0972524,3.5592518
1.3712034,2.2302961
1.6602054,3.9390879
4.9295125,4.7687564
5.2426424,5.840646
2.5037434,4.024334
2.6291978,0.8501636
1.8696015,3.3025062
4.794651,1.6320192
5.529891,3.7442205
3.4956248,3.9454958
3.8687437,3.6843762
1.6581612,3.8507977
1.6761714,2.4410322
4.1742654,1.7887669
5.4717617,3.1440983
1.4420371,2.0085785
1.9437373,1.4034649
5.2873774,5.330543
1.085457,3.2619743
4.7987394,1.9359499
2.662776,3.478533
1.1552688,1.4528388
2.8808005,4.3149486
3.856278,4.603333
3.5042481,5.5203547
0.60670984,1.7077847
2.3357074,3.781345
3.1590605,1.0836471
1.88293,1.7812378
1.2723331,3.0629175
4.8658752,0.435317
3.9515738,0.8599786
1.400444,2.5634832
4.170205,0.40552783
2.6640983,1.1624012
3.3733318,3.295641
6.3470654,1.9246223
2.6674955,6.3761926
5.702526,2.917939
2.9896073,1.2579656
6.064292,2.7617106
1.1554787,2.6151798
2.4864864,0.30959412
3.1579163,3.750723
2.4057043,5.828795
2.7293468,3.4834347
1.79053,5.9038763
3.477387,6.5984373
3.1212673,1.8072839
3.1921508,1.530624
3.0988064,6.222934
5.7206283,0.64900386
4.8227415,5.4313927
1.9000576,0.53934425
2.5561674,5.4036136
4.6699686,3.8988552
5.671794,4.0133524
1.5435928,3.3916483
4.906339,2.1416476
2.1384618,1.8939284
4.2607384,4.338788
4.1681876,3.9218192
4.5840535,5.149415
3.9986851,1.2551734
0.97795045,2.7849226
1.4739853,4.3229547
2.6322699,2.865129
4.3485327,3.2256324
4.9205437,2.3276215
5.9616137,1.3787906
1.4736838,0.7196278
1.657559,4.4960303
4.720453,5.1450987
3.5534136,4.9373
1.1442251,0.596978
2.5659192,2.1969056
6.1325793,5.162633
2.7624326,2.9650497
2.1521897,2.5465143
1.7950721,6.0817633
1.6521114,0.92503
3.087306,5.5174117
3.6050537,-0.2162478
3.626251,2.095793
1.9108069,4.998801
1.7787457,4.3997593
0.74289143,2.2132087
5.169513,2.7721562
2.720488,3.1451507
4.376347,1.577108
5.537014,2.5117874
2.8453043,0.043017887
4.793138,2.8438423
3.529116,3.57099
1.5859954,5.427069
4.0275645,0.9277487
4.297703,4.867305
1.414232,5.9701924
1.1806399,3.2177954
5.5502844,2.5144167
1.0076634,0.8794645
5.1249375,2.1302586
1.3636286,5.2726264
0.97305906,5.375869
6.4619865,2.9551198
3.425437,3.5395837
1.2536163,2.3241773
2.1687517,1.5098411
3.0160093,3.605042
5.0040226,0.5858949
4.074601,4.95458
1.1367862,5.284043
4.232033,2.3752084
4.647424,4.9357905
4.0648217,3.6703827
3.175382,4.0129
1.1450934,2.4500773
4.6747723,4.3875365
6.7976794,3.405932
4.457093,4.1919456
5.5591817,5.3864856
5.3459787,1.1303645
2.7662249,3.4538157
3.310951,2.2069643
4.784704,6.206872
3.9954822,1.4392626
4.0753508,4.0397573
1.422954,2.375437
1.3197601,2.9638727
3.050064,4.957295
3.58847,2.4368572
1.7768018,5.405871
1.9298568,4.215244
6.1115136,1.797099
1.9043245,3.6148953
3.1422217,5.200555
1.5499623,1.1706655
3.2392259,0.0066452445
0.44532397,2.3618495
4.0597734,3.3226252
4.0047746,0.6512979
0.28309268,4.093196
4.9636526,5.6412845
1.0193994,3.7487166
4.5180564,4.0680714
2.341732,6.028467
2.7880754,1.4087954
1.168759,1.8763758
4.828696,2.1596282
3.4087253,-0.35714537
6.5555496,4.000507
2.7461166,4.7657475
5.474405,2.5362527
5.2668085,5.78219
4.227975,1.3673972
1.4789932,2.229467
4.673754,0.13689123
2.4631143,1.9480681
4.2102995,3.1406102
4.1998043,2.2403848
5.13154,2.893655
6.051084,2.3163702
4.5301766,1.7369698
3.5072904,0.7308778
5.880759,3.545266
6.3438125,3.4015732
2.4847424,4.0225124
1.4038117,3.1573067
2.036598,4.192668
3.7560716,0.97130895
1.0755728,4.148033
3.030941,0.61663276
3.2896883,1.5619682
4.1695595,3.298864
5.3652606,1.6134739
2.1236444,0.28694528
2.8448405,2.6249685
2.2652485,0.856965
3.5860379,2.2675042
1.7659584,4.4422493
3.2638116,0.41275817
4.4074144,4.7010145
5.486504,3.712221
4.3450904,4.663933
1.8187172,2.972419
3.6794086,1.5840122
4.097748,1.5871471
2.9359338,3.833784
4.540952,-0.25778636
1.0293761,2.7563915
2.8985903,3.3847976
3.01083,0.38740563
1.238581,1.457766
2.199047,4.540182
3.7572846,4.356928
1.7775409,3.911393
0.8386973,1.3442866
5.596231,1.8998703
0.9703057,4.59086
1.3708079,2.7057
0.653731,1.6786978
2.2419846,1.1904267
2.407385,2.8003917
1.4462402,4.9754486
3.8944788,4.189895
0.9500242,2.46111
2.6299994,1.0261492
2.2304146,3.0519783
2.0969071,3.7861
3.641178,2.4242208
2.5468094,3.316757
5.29799,4.8813624
4.9157133,2.337988
2.2460394,0.83328575
2.2093349,-0.062529005
1.799403,3.8367195
0.3954573,2.4174776
2.7596736,3.765655
1.9186077,3.932037
2.8114567,4.6110587
5.931867,4.793048
4.031395,4.726292
2.2956452,3.133677
2.5559118,3.389334
1.9931487,1.8244811
4.037024,5.7813687
2.3914146,3.838284
4.117673,1.3393124
3.2524784,2.6735485
3.7906554,3.0286698
2.6982925,1.9895095
3.9703434,2.0208957
2.9892225,4.233875
1.905299,4.0416636
5.505216,4.348838
3.7734892,4.6036215
4.5692806,1.7943144
3.6287758,2.5561619
5.2182803,5.501615
2.562546,2.2319407
3.961085,0.53083163
5.62764,4.6458373
1.2539291,4.1509542
3.0634825,2.8953917
5.292523,5.130013
1.459972,3.9170418
3.4931846,0.03937119
2.89645,4.680443
5.8207803,4.621123
2.4597552,4.3077636
6.502234,2.6956573
3.0157456,3.449733
5.9237165,1.041338
3.278061,4.727865
6.283751,2.090766
1.6386669,6.062892
1.6097527,2.950097
2.8041313,3.0635395
2.8154745,2.1172311
3.110158,0.6272405
5.210127,4.6140876
3.6662784,1.6547381
4.9243207,5.766929
2.9030092,1.5989065
1.4090747,1.051534
4.992581,4.8927703
2.075462,3.303946
1.9006563,1.8543774
4.8883185,2.8397267
6.1898904,1.6097064
4.8171825,2.568052
2.876203,2.9984899
1.2983924,5.5049667
5.4228535,2.5724137
3.6013484,2.8153384
5.671373,1.9326448
4.5427413,4.745808
5.636361,0.3979567
3.4377677,-0.0021290316
2.4504745,3.14822
1.4671501,2.7047749
5.753485,4.9817023
2.7155354,4.007559
5.042751,2.882905
1.3453254,5.5527363
4.78594,3.5690603
3.265718,3.6203215
2.681463,5.4955626
1.8489838,4.714446
5.8109565,5.285314
4.0832186,1.136303
4.578828,5.681395
0.09627535,3.4171605
2.6231775,2.6316764
1.0508914,3.2090485
5.4835668,5.345877
2.1289132,4.0377383
4.7243366,3.6785514
1.4427233,5.6813755
1.2100987,0.5678851
6.235915,5.12709
5.988104,0.8259476
4.557174,5.187753
3.4517155,6.051986
3.3352304,2.482541
4.2182064,5.154093
0.8763547,1.1628655
5.403852,1.3125405
5.257961,2.985612
3.2953362,4.576336
5.8164682,2.8986204
4.294423,-0.13772042
2.1673462,2.752463
3.3085947,6.182747
2.378511,4.993469
1.0589576,3.327719
3.193553,1.7417371
1.7241418,3.3700607
1.6191975,6.1211495
2.9579587,6.324644
3.9162102,1.226036
2.9725764,3.9902458
2.4703345,1.3677505
5.1997128,2.1993647
5.753083,1.2100079
3.207151,3.9951005
5.36001,0.79482514
0.7795137,2.7813282
1.9264494,3.8142867
4.7749786,2.4857917
1.5260022,1.7231787
4.1402397,5.4360275
3.5017765,3.3851805
0.9562398,1.4751674
6.3727136,4.5660625
2.9656453,5.8281
3.5123694,3.7221365
5.290896,3.6401489
3.632586,5.172652
3.807044,2.7482698
2.58989,2.8122988
3.9390357,5.663639
2.861058,3.4154847
0.29838374,3.9230328
5.458814,4.3308096
1.1207471,4.1495156
3.9895706,5.4448485
3.9699106,4.493528
4.647936,4.5371003
2.2006419,5.917104
1.2498446,4.6053724
1.7688817,3.2865834
3.913202,1.9427149
5.317855,5.2063894
0.57463694,2.400158
3.2493262,2.674299
5.741461,4.194589
3.1161873,3.293488
2.921663,4.3034806
4.051206,1.8719027
4.9551682,1.2853924
2.8964384,2.4319932
2.5914996,3.9361396
5.598389,4.586016
3.2767477,5.54695
5.649051,3.485146
3.5823407,4.934706
2.688228,6.178488
2.4279246,2.189532
4.715123,3.0946913
2.0061655,4.9153786
4.582749,5.513812
3.913124,4.312112
1.517934,5.3819904
4.065645,4.417081
3.741754,2.07784
1.4860517,5.468485
6.5424566,2.7471766
3.9340835,2.403033
4.515596,1.0487978
2.703249,3.009433
5.110903,3.1587396
4.417042,2.930001
4.9181356,4.919295
3.234456,1.1090944
2.6542475,0.39119405
1.4561088,4.1516824
3.3964205,3.8166142
4.6353374,4.1593027
6.5465884,2.143412
2.2380455,2.598351
4.971035,2.8637066
5.0256486,4.1276016
4.997793,3.0402074
5.3594155,4.3615437
4.1282163,0.6032919
2.8795362,3.0828443
5.0482154,5.4678907
1.4701134,5.0786123
3.8466384,3.7612708
2.2045155,1.1282103
4.4148836,5.1450963
2.7637584,6.105642
3.6935515,4.095645
4.690254,4.6655526
3.1752808,2.8351085
2.3558106,0.30266592
2.5898757,6.0909348
1.1125565,2.1090794
1.9779187,1.5018531
6.2183666,3.8933132
1.9310653,0.600785
1.5490162,2.6096559
5.57193,5.2271366
4.062744,4.8275943
3.5678227,1.9056834
0.6064506,3.099462
3.8176,3.3099177
4.2279634,5.3723617
4.863269,1.8108017
5.60989,2.659269
1.9159974,2.4449527
3.8175228,6.0661883
4.414709,2.8786206
0.92998785,5.0545554
3.5455706,1.0788497
4.3856173,2.530312
0.5401191,2.1943521
3.420622,2.986586
4.367824,6.258236
1.4264342,0.6323712
5.446618,3.1970913
6.050993,2.602837
5.151607,0.66241986
2.6688783,4.08713
2.089983,3.598519
4.181308,2.5672994
4.169075,3.7205946
4.845209,5.92401
1.8388069,4.633003
3.8572004,6.292505
3.0391917,2.087328
1.9087384,4.5049167
2.5837507,-0.054682977
1.1519903,2.707973
2.768062,3.3822205
4.3115087,2.555576
4.3616934,1.4628265
3.1259763,5.7596383
0.7569296,4.979448
2.152865,5.2368536
2.7169693,1.2164794
2.0509913,2.5431402
4.1407433,0.028517919
2.63338,2.0777743
2.334111,1.5888488
3.3296037,3.0110738
5.651811,0.5667624
2.9572594,5.487408
3.4173799,0.3609395
3.6526823,4.3896255
5.599947,1.321347
6.026469,4.8288755
3.784252,3.791092
3.3519292,2.4217386
4.127624,4.65003
3.4353647,3.9127564
3.7933085,4.5047245
3.5086632,6.377264
3.2900915,5.861232
4.343659,0.49727586
3.319389,2.962048
4.421835,2.9388237
4.273836,4.6003556
2.3098373,5.7982802
3.8259332,1.5390775
4.083787,2.1986914
3.266478,4.295812
4.579402,1.6154199
3.1906292,2.392025
0.50183934,3.5672436
5.5228405,1.3559347
0.7537024,2.8232245
0.3057412,4.1409817
1.7857016,4.071721
1.9106508,5.5561967
4.4982495,1.627799
3.4142804,2.1651769
3.473443,-0.015503088
2.4397597,3.1425679
4.8306694,1.5376766
2.21802,1.0481265
3.6246345,2.6441588
2.8732104,5.237127
5.4153414,5.220866
3.8094375,3.0173473
3.5697775,0.06325124
1.8292329,0.46639985
6.096021,4.191011
2.113879,3.2064824
1.9684932,3.170937
4.7672462,3.6342995
1.2356633,5.749536
2.4437602,1.3417423
3.107796,1.2857808
1.0164678,5.5181055
1.289696,4.2655215
2.1957958,5.03868
2.8434384,3.8769608
1.4932016,4.7345076
0.81946754,2.0494175
2.8411386,2.1685162
3.6991963,3.124082
1.87545,4.349016
5.487687,4.2167387
3.5782082,0.9692636
2.321605,5.209995
2.9347143,3.0505154
6.477325,2.547405
2.3207579,4.964753
3.3345962,1.0040977
6.181526,1.4421742
4.19783,1.6821445
6.357646,2.7041256
3.3438473,4.3667345
2.7391114,4.804801
3.1379359,3.0049412
5.1565876,4.9689837
5.8795915,3.406833
3.4791496,3.2248454
4.429588,0.15725124
5.915428,3.9617438
2.8147078,3.238925
3.5829709,5.123924
4.0629086,2.2012675
-0.3021367,3.7068639
5.134699,3.2498076
2.0885553,2.6325788
2.7313848,3.8327637
5.9172144,3.3581998
4.043384,2.6824026
3.0956874,3.1491325
4.1688495,4.0373917
5.0983615,3.6408033
3.9724708,-0.042917185
4.767483,1.5422523
4.592875,2.8781857
5.899333,1.1617941
3.779497,5.216124
5.1175694,4.5647497
2.6315517,4.5256596
5.054161,0.47221872
1.1243312,1.892655
2.7018156,0.37587875
5.0914555,4.04693
0.87013036,1.5828689
1.5210872,3.9314156
5.427274,2.6924741
4.482024,2.8218594
4.007253,3.5593193
1.7905825,2.8549054
4.9949145,3.269926
4.5336595,1.5339378
5.5013676,1.5922964
0.74727273,2.1803052
3.9680834,1.0990688
3.5074522,6.1387143
4.744778,3.839692
2.874825,0.35347146
4.810582,4.8523993
2.1424959,3.4658644
4.5652685,4.731161
1.6876532,2.9355147
2.4083595,0.16929142
2.9517274,4.4845424
0.74719375,3.6107855
2.1478596,4.4043593
4.7170053,3.7912755
4.182961,5.710096
1.796603,2.4385166
4.1743827,3.619781
1.0338544,4.490311
4.5596485,1.7111965
3.6491733,4.924019
4.9913883,3.9379969
1.3811282,1.9169523
4.5807347,0.5642762
3.2720478,4.7315993
2.3559737,2.2977436
2.8462024,1.4691814
3.8906465,1.3302878
2.4089696,2.4489098
1.8079761,0.48030895
3.7281902,2.368715
6.095728,0.9934927
5.22852,2.2325525
5.038712,5.6920285
4.116295,1.8430465
1.9930274,1.3033429
4.6488414,5.167923
5.2532473,2.9274938
2.3148303,4.5391645
4.6398125,3.980833
1.7084624,5.4298267
4.7708297,3.163182
2.0084424,2.5096407
1.4558877,2.812992
1.8046411,2.7527227
6.0285077,4.119754
5.1875873,3.7235956
2.8347955,1.9935476
2.7129838,2.656847
5.646722,2.049693
0.12972026,1.6669021
4.6384177,1.0292356
0.9731294,3.6705792
4.8710384,3.5717874
3.501834,1.8107338
4.4524927,4.2487764
2.7837703,3.363826
2.4553132,2.810987
3.492888,2.2567747
3.1649466,4.2633557
3.0695727,5.8176994
4.14464,3.266317
5.5481787,3.4955604
2.1666358,5.3719597
1.5846595,2.6081007
2.8746684,5.702178
4.5409303,2.531652
0.2888117,1.890259
4.8415504,1.9033649
5.987498,4.219518
5.0726924,1.5407734
2.3732755,5.989184
1.7716811,1.8193798
2.9809227,1.4806834
2.7091289,1.0218813
2.9015381,2.349069
1.9295839,5.469723
6.5040154,1.9396807
4.3327217,2.8367074
0.8605301,3.6963508
1.5118592,3.5299313
5.813033,1.29026
4.660902,4.200286
2.6893475,-0.25552255
3.540929,4.354532
4.8137236,1.5281065
2.0283992,4.622855
2.645788,4.103478
5.4288855,4.850898
2.320539,0.26921827
1.2285029,4.4363995
4.41001,1.0200001
0.65402234,4.012811
3.0029736,5.623472
5.398161,1.8576953
4.0749235,4.6224856
0.699204,2.6615407
3.41004,3.2684846
0.21924408,2.1789696
5.2608476,5.321976
4.3372645,4.46803
5.0474067,1.0314323
2.1403623,4.537755
5.3352447,0.54317564
4.4852,2.4098618
2.373873,3.3198488
2.316104,4.542429
0.79964423,3.047829
5.4608183,2.2308488
2.499255,0.8630865
2.0842392,2.3466864
3.8164477,4.856463
3.3220394,5.6785336
4.72494,1.0837494
5.887926,1.5764282
4.286026,3.547065
2.8440983,4.9257293
2.5641322,3.5476303
4.533224,4.265483
1.3477423,3.9223845
5.012687,4.870758
1.977597,3.8791897
4.185178,1.8652916
4.2288837,-0.51743305
1.7541382,4.9952755
5.2336645,1.9023772
1.473233,1.8417563
2.9295874,6.423386
4.1438246,2.3247437
6.3622594,2.2057438
5.4066863,4.4998174
3.6935413,2.8445466
4.103495,1.4688575
1.8809173,5.9990635
1.6772689,2.3814583
2.0470936,2.947749
2.6303117,0.775506
2.9869926,2.9304433
4.487387,4.2698326
1.728244,2.352236
3.8020113,2.8378193
2.360886,2.9765975
3.8835824,3.4365835
4.86706,4.640251
1.6933366,4.0559163
5.05624,3.613287
4.331487,3.7367585
3.7744503,0.7503113
2.3953195,4.015052
1.6748911,4.6054645
0.74181426,2.2197077
3.2472951,1.113955
2.9289844,3.9750025
