8.199731,1.9068682
5.8929453,3.7043645
4.28551,3.800891
2.6656904,2.6942089
3.4681988,1.7587799
5.260679,9.021613
3.2453973,5.6028767
3.9565828,5.561738
3.8223727,2.6245787
3.9197671,5.932477
4.869692,8.055585
3.673498,9.012512
2.4925241,2.609041
1.0557048,2.1272755
1.3293278,1.7096869
6.362483,0.27231297
1.9436187,3.1275368
5.860597,2.607959
2.0659206,2.9327345
3.1115856,5.4567356
5.2061396,5.100013
9.249919,1.6864656
2.6242633,2.3174286
3.004951,3.2829916
3.3196678,3.830441
4.5530357,2.5071523
4.9802876,8.220411
2.138684,4.972612
6.023552,-0.017547771
1.178567,1.680766
3.6214027,5.429104
4.5400286,5.838338
5.1556845,-0.08153639
4.886118,8.186128
1.7892231,1.790968
1.1707884,2.2225294
5.5629096,1.1978781
2.3759048,4.77542
2.3439994,3.5696077
2.3385592,4.349124
4.3527718,4.8704004
5.4272237,2.9192884
2.4981978,3.3683648
2.3364692,4.4351783
2.3719234,5.564315
4.746965,3.1509972
4.3833046,3.3129184
2.1800888,5.4605365
2.7433496,4.4811487
3.6618521,8.87823
2.982086,8.621892
0.59076625,2.832282
1.4872997,4.806342
4.953813,-0.6090499
5.701088,4.444436
5.9210377,-0.13780968
2.1425116,5.739478
8.251983,2.633481
0.8140666,2.3446276
4.5171037,5.483769
1.0489123,2.4850945
4.8971014,7.5462074
1.6470655,4.0501237
4.3040514,9.447712
1.6309943,2.2110524
3.6608696,3.173651
8.316402,2.4488602
3.6526918,3.3050175
2.1124244,1.7294993
4.823606,-0.47514915
9.260396,2.2083068
0.9486583,2.2230542
2.7344663,4.2418756
2.2677836,3.390177
7.3258786,2.1512833
3.5366693,4.7009993
6.1962805,-0.06741438
3.4749374,4.6246
2.620517,5.152064
4.3931437,3.6478617
3.7047307,1.6477978
2.4924073,2.6292272
4.204275,4.253377
3.4781327,1.0239298
3.0753136,5.7935433
3.8526752,5.7423983
2.0119376,0.8554462
3.7961512,7.1666794
5.8539443,2.6298282
6.3600717,-0.11660283
4.3577895,-0.15963994
5.6268234,5.0811367
4.4164214,9.304188
4.92065,4.7465
1.881565,2.6788008
0.6524592,2.7401385
3.7753396,0.3937193
2.7477233,5.898338
0.4895284,2.6534214
4.148987,3.3256636
5.926864,-1.1499633
3.4830508,2.3060362
3.0323782,9.284847
3.0342054,8.699764
2.7936356,5.2635803
3.8669398,3.5144482
3.5785856,8.424232
4.3929677,3.6730306
5.708672,4.4778013
5.203064,0.09810906
3.7286818,4.723829
5.0681295,3.172352
2.3670146,2.662049
2.7036152,7.761903
4.8336716,9.175023
1.9832547,3.3044443
5.5195494,3.514159
4.6110435,3.0076942
6.187375,1.50056
6.909387,2.3067944
5.887526,3.2107956
1.5550705,2.4434037
3.897519,8.541947
3.19304,4.6941476
2.9472497,4.386787
0.22528373,3.0503333
3.1857903,5.328501
5.068412,3.2307098
1.8046803,2.95252
1.9557894,5.246491
2.8107107,2.5781164
2.8313015,2.7361987
3.5025306,1.213884
5.106904,2.1380699
4.6721234,5.05671
3.1724854,4.315387
2.0372558,3.7887173
6.09444,-0.054388277
2.719014,2.9740057
5.1639104,2.3397803
5.953585,0.12695459
1.7445561,4.3962383
2.5736408,4.178904
3.7116733,4.12944
5.0879617,3.4504418
3.8720593,7.40868
3.003293,1.224711
2.7188811,4.624826
4.4452457,1.9981337
5.6453958,0.13387379
2.732772,2.9779794
2.1292987,2.5309753
6.674105,-0.39546955
4.590282,0.6567667
1.8923277,2.5189078
3.3595173,5.327517
4.187265,3.3223715
3.6221704,4.830027
3.7334952,6.3135967
1.0717283,3.3903682
3.519223,3.9807842
4.5550737,1.4330543
5.1338987,0.09590388
4.6230035,8.929739
2.2296464,5.7141056
3.6920977,7.6308184
1.1139957,5.3054843
1.2776232,3.8020716
6.1868954,2.486109
2.8887346,1.0428964
4.1909404,1.998273
4.8618493,2.6122186
4.032416,2.3662035
4.8767424,4.7407103
3.76067,2.4297953
5.2987723,1.3346314
4.1029572,1.7833225
4.208255,3.6697848
3.483677,6.551899
4.2663665,1.4058188
1.9748646,4.6099772
5.43192,5.161174
2.343408,5.3127146
4.016774,7.742166
4.6022115,3.4080882
1.5604771,3.6526747
2.729317,3.725366
5.482274,8.721142
5.870052,-0.48200727
7.0838003,2.9985886
4.7607436,9.422773
4.9433804,4.5965924
2.496207,2.8274195
3.135159,2.198996
3.9498646,3.800814
0.76072574,4.368615
5.1326785,2.266081
4.658354,8.030177
4.4972243,9.513569
3.8958082,5.759425
2.2632077,5.3935843
3.3905773,7.473845
2.8563023,1.6163288
3.109907,2.4368463
1.6602796,3.5059495
1.3930035,3.9305203
3.7253602,3.9321222
3.0073342,3.4155633
5.302301,4.593462
4.587227,9.60262
1.4344997,4.455147
5.7839365,1.4378078
4.0734887,2.6585946
3.1270425,1.992351
1.5774119,3.3713384
2.3286743,5.4155383
3.4282568,4.5206094
3.250818,4.4226403
4.6201396,9.974373
2.631597,5.394187
3.16518,7.5612373
4.1491094,8.690176
0.81474787,3.7418153
3.112415,5.311838
3.042033,1.1849567
5.109585,3.3319533
1.6520457,3.4597578
5.4624705,8.62965
2.260516,1.4831898
4.50564,2.2896042
3.1768754,9.307469
2.521945,8.093767
4.3665247,8.932783
4.1124306,5.3333006
2.0837374,3.8360617
4.536775,4.49132
2.9104831,6.297482
3.59504,3.6261206
6.538846,3.6164057
3.4643784,8.728384
2.2022831,4.096216
4.3216443,2.503956
4.1789575,3.5816686
5.9184613,0.17895393
4.0572,2.1397908
5.7754526,-0.42262548
4.8638787,4.3965664
5.5188785,-0.27513102
3.483592,4.5591764
8.6920395,2.0362723
4.1603785,4.86546
5.8883834,3.0548017
5.2092113,7.4650345
5.895846,3.512675
3.5904114,2.013442
1.2194102,5.2909613
2.6101465,8.29123
2.6243205,2.899702
3.3093128,1.5843099
3.2587836,7.653371
3.38834,3.354821
2.7591343,1.638123
8.082467,3.076574
4.779621,2.8370676
1.8829693,1.9250236
3.7039745,8.097932
1.6923591,3.6344426
5.598426,5.034852
2.667987,2.9792588
4.91537,5.5712695
5.6805525,-1.740502
5.1233745,1.4416944
1.9783403,4.912207
4.812895,0.9445345
6.5076704,3.7657735
4.4336524,1.9924226
4.2355666,2.2271192
3.5514913,7.9566803
4.864526,9.316045
5.3461385,2.8941345
2.9983153,2.9249864
5.1682124,0.015584315
3.7321453,4.8074307
3.6803534,5.841378
3.383155,4.1248775
4.9480834,-0.20479243
4.556462,3.2188926
4.5848823,6.7605486
9.1465845,2.386655
4.087256,7.570687
1.441427,3.0673485
2.9570394,5.5993614
1.8293265,1.9341521
8.559826,2.8430097
4.357535,2.3161492
5.02987,-0.4368572
3.6542451,8.030473
3.7820802,2.2214851
1.6342065,4.744771
1.5645754,1.3771933
4.7151546,4.098064
5.47694,0.18809223
2.5395575,4.6724067
2.1658938,2.483341
5.7169333,-0.36440006
2.5524776,8.051936
2.091691,3.5585964
5.5182548,-0.42856935
3.6997073,4.9987493
6.8731313,-0.37492785
3.9774263,5.0520496
5.1322193,4.097295
3.458352,2.1584678
3.7593455,3.3569934
5.0150514,4.615035
1.716603,2.5486786
0.40561277,3.9880533
3.4217012,7.0292935
5.26238,3.4268513
6.224809,-0.80109835
5.0630794,2.8367047
5.1881623,-0.3533413
3.9227242,7.843097
4.6655602,3.4983268
9.465214,2.3303893
4.6648636,6.2623234
1.7704622,3.7872066
4.579922,5.6743264
4.844145,1.5212976
2.8143787,1.464194
4.713309,5.425344
8.097888,3.0019274
4.761989,-0.7199439
2.5915902,2.6316717
1.5743037,3.337418
2.7246494,3.5692384
4.905062,5.2993813
4.8684316,3.6290655
4.201368,5.4098625
1.6731695,1.724972
3.021118,3.3281868
2.866691,3.1898038
9.34947,2.6856742
3.9482136,9.732558
3.8678412,8.8569765
1.2803006,3.414316
1.8073368,4.3315845
4.274099,4.2981286
9.350745,2.5586934
2.547373,4.1830897
3.381786,8.494502
1.3395205,2.3365834
6.6773343,2.957912
2.6415944,5.5014353
3.5254083,2.631284
1.5227196,5.064657
1.705484,2.0279257
2.931485,3.1028254
4.4090023,4.8653526
5.1059985,1.2705866
2.9813702,3.0635195
4.0449343,3.9629967
4.826519,3.1079063
5.351547,2.9387257
5.41796,-0.3973948
1.5379678,4.9412937
4.9507565,9.771321
2.7799435,2.2012448
2.3848405,2.0442314
8.296294,1.9892343
5.8652964,0.12942928
3.9482768,3.0909889
3.2513633,5.5030146
4.8658323,3.6698713
4.261296,5.3004827
5.680709,1.4980594
1.5765685,1.670358
1.6389382,2.8384688
3.680061,5.1910644
5.5902243,-1.287037
2.8260443,4.8454823
3.3837473,8.563139
1.6754731,2.2919524
4.613075,1.9888985
3.737143,2.4564993
1.8408684,4.3896575
5.2937956,4.328749
5.345869,2.3395808
2.3711758,0.7811943
6.7388253,2.8783736
1.76702,4.57309
2.271268,1.4147344
3.7492409,8.58394
6.9028535,2.1277096
2.7792156,3.9610655
2.10082,2.499104
3.6298623,4.0946875
5.1270485,8.635456
3.3359864,5.193996
4.2946386,2.7435439
2.3806171,4.328201
5.763975,-0.9945867
5.46603,8.499496
3.7534547,6.7291546
0.99702156,3.7957003
3.3651023,4.513437
3.6438758,2.1728106
5.2790036,3.707886
3.928629,0.8777468
5.5701137,-0.3763152
5.7155485,3.3445237
1.5650991,3.9899578
0.45039755,3.3539867
4.647391,2.6427042
3.8900201,2.6208475
2.79001,4.4849095
3.6716092,8.013008
3.6925097,2.385877
5.551257,2.541999
4.699636,3.3352275
5.8384404,0.39157215
4.9491158,5.0463586
1.3101918,3.0418828
1.1231847,4.981153
4.833775,1.0591371
2.419172,3.5504587
2.8851888,2.9596536
4.9457374,0.22666559
4.22832,8.297483
0.88925993,2.3255227
1.3822747,1.1839097
3.5686784,4.670286
2.392393,5.351833
5.1399007,1.9261266
2.437015,2.676205
2.682022,3.788817
3.766543,3.4241765
4.5197463,5.06265
5.9837255,4.1283555
4.154943,9.024789
4.728134,8.459424
3.08637,7.451217
1.8652996,3.3742342
2.33091,5.0557127
2.1239808,1.2234795
3.4358706,3.945194
3.8103328,1.9300039
1.5340177,4.9462266
3.7018962,1.4678487
5.0066576,2.8618844
5.871583,1.6373082
2.8339834,3.999416
1.370556,2.740673
3.0187354,7.906919
1.9466498,1.6449842
4.731223,3.3438468
1.9782797,3.9758987
4.3445024,8.489086
7.3524547,2.407086
5.7545967,-1.1847827
3.8685505,6.804952
2.2397056,2.6445942
5.50021,1.4685253
2.3412366,3.0914874
4.8176103,5.664549
3.0025778,3.7760847
2.6455457,7.6935835
3.3834167,6.1364737
0.93755037,4.087503
4.848396,9.165069
3.2972517,4.928935
4.925697,0.59485936
3.7081678,7.3899603
1.4817485,3.3954067
4.2083564,4.008648
1.5782311,2.286431
2.6237745,2.5210364
1.1333616,3.2778916
0.83206004,2.566991
4.4166236,4.481136
2.8974745,4.1154203
2.096857,2.733239
7.5856686,2.4374568
4.1032004,3.7099981
1.7633567,1.2449074
8.837727,2.8828003
3.9419837,5.300806
5.652818,0.5966201
8.268107,2.7914996
8.011536,2.7418702
2.8171005,8.966345
7.0321593,2.6449134
3.124423,5.480391
9.625436,2.280591
3.7578733,3.3494112
3.9559982,1.4561721
4.503877,2.9419873
4.6591663,4.2842236
5.477527,0.07958399
3.3632517,7.92056
2.6926415,3.4841564
0.9859548,3.394494
3.848377,3.7942913
2.3592799,3.0829475
2.1217241,1.6279737
4.3655286,-0.8048409
6.080441,0.69412404
4.124192,5.334371
0.45188388,3.467279
6.1725516,-0.59211236
0.55351204,3.2638955
2.7619603,3.1012409
6.5927052,2.3030784
4.1125836,8.837152
1.0199883,2.856276
4.3775434,3.053764
4.713017,0.6062275
3.4448555,8.187277
2.2289667,3.0408063
3.3622072,3.335167
5.0452433,4.7516584
2.5841725,1.9135551
2.5643835,2.0020137
4.459371,2.946871
2.1507616,5.361432
4.9878583,7.47667
4.8432956,5.271815
4.4287715,3.8941588
2.9623675,4.675501
2.0468843,3.4167588
2.679585,8.653068
3.3768492,5.1083875
8.546788,2.5983539
2.5180879,3.9793167
3.674193,5.121575
5.3307343,8.007739
1.697724,3.0107563
2.9994273,5.3870773
3.044779,2.9813063
1.3743116,3.5530612
3.3872032,3.4319026
4.038221,2.6753685
4.063989,1.7667421
5.074731,-1.296179
4.771916,7.4718432
4.1125035,6.3436217
5.7772546,5.2581162
2.9695296,1.3201658
4.5373087,7.672461
4.265996,7.474711
3.7290413,3.614979
0.9450825,1.9427778
3.1122704,2.7241986
2.9406068,3.234488
1.1864495,1.8641777
5.675241,0.1727692
1.8728734,4.522774
3.1100743,9.375923
1.3110163,3.003507
6.961064,3.029375
0.899057,1.8975797
3.8464317,3.7926552
4.1159596,2.584804
2.4532552,4.4731407
3.4406848,8.99596
4.5254893,8.672699
3.8240485,7.0040426
1.5326552,1.9807346
5.015451,1.6735284
2.536885,0.8629274
2.0979912,2.1572335
4.0792937,8.272423
4.3125896,8.619993
4.571034,8.13336
4.5315685,8.29139
3.046661,4.9178305
4.414193,0.43341944
1.8268112,4.930546
2.4340386,2.5330532
3.9315722,2.274079
3.1222284,6.6307635
4.1299224,4.195006
3.2883592,2.0478973
3.2223258,4.7206774
5.481753,8.952437
3.6227422,7.9870787
3.6919472,2.2159812
3.1060426,2.6321006
3.762112,5.040204
3.0844953,2.0069795
3.2690682,8.353508
5.0606937,-0.7699432
4.674093,2.1738994
3.1615121,5.04945
5.047084,2.9942749
4.0657673,4.5802035
3.7735972,2.8338673
5.4302807,-0.80173355
5.418127,3.766969
3.0279782,1.0267811
2.386606,2.7348592
8.397312,2.7303033
4.831352,4.8144217
1.936246,3.4945405
0.95409733,4.155213
2.5844364,0.88595057
4.934446,-0.6466324
2.2481632,3.921088
2.8302903,2.9070787
1.3894023,3.0575871
5.1441474,-1.4882443
3.8215566,8.058855
4.3161216,0.30696458
4.4474034,2.7607956
3.3728983,4.433875
2.9084313,1.6421511
5.236542,8.869445
5.6650767,1.737207
2.7818608,7.486417
3.2873995,3.0636325
5.4270034,8.29543
4.1968718,9.588486
1.132814,5.015803
2.631035,4.697362
2.9303544,8.287393
3.5418448,2.9600563
4.8426604,0.11680127
8.500076,2.5978992
5.299322,1.6449736
5.8343005,4.0542855
3.127927,9.225943
4.4463086,7.4049664
3.9095206,3.983698
5.014696,5.086077
1.0481635,2.130667
4.9020424,7.2869005
3.9339514,9.195267
4.9808345,2.0851588
4.625304,4.738608
5.5526147,1.2331465
5.24633,8.257032
7.421365,2.591089
3.502918,1.3763422
1.2975075,1.7334306
3.0554955,2.2509756
3.941595,8.744513
5.2194486,0.5428956
5.1216135,-0.14677344
4.0329328,0.8114566
8.013041,1.6303889
1.1795973,3.6487267
4.1939316,4.231792
6.12935,0.1821685
4.6882386,8.176915
4.369282,6.300617
2.821087,4.9582825
5.646111,0.65439284
0.8774245,3.2168884
2.5747802,4.999697
3.9993362,4.842997
6.0011597,-0.07806091
1.7468218,2.2745352
2.9965305,4.40296
8.2578335,2.0418108
3.1000574,8.2011
9.117545,1.9026119
3.8912477,5.5566187
5.0555243,4.1339235
6.437057,-0.11665834
5.8188496,4.352254
1.8603531,4.290269
4.614617,1.1937193
9.179138,2.3051028
2.843897,2.2906432
2.0960407,4.2451043
3.922283,3.7833617
1.704049,4.1703005
3.4268494,5.932774
3.8855326,4.232493
3.8352687,4.952115
3.543997,5.086841
5.1307383,3.5817478
5.6670284,0.41249135
2.4662232,1.8182929
3.7933803,3.7165594
5.0870676,8.931822
2.3869958,3.090789
2.0813415,1.6304452
4.826344,3.7619798
5.037827,2.3554573
4.836453,5.54692
8.426645,2.2614813
2.9435403,1.560743
1.9589849,3.064897
3.1512902,2.9998353
1.220025,4.3900404
3.5221744,2.5836089
3.3686187,6.2609587
5.1522746,-0.45372027
4.7550845,9.365693
4.281489,8.551312
2.4727447,3.7211487
3.44777,4.776331
4.6590095,1.9439954
3.2051282,4.1189766
5.011795,0.18071742
4.9707284,-0.27065808
5.7391315,4.4325767
5.3119845,8.662071
4.787689,5.3935485
5.0675426,-0.10405001
3.1332986,3.6551964
1.383384,0.90837896
5.356698,-0.81055087
4.11852,3.3973577
1.0451769,4.123903
1.706619,3.9805062
5.35039,3.3144212
4.9742246,3.473133
2.9065778,6.050274
2.4001749,2.354103
2.9609182,5.4695177
3.4075668,3.6942759
8.195574,2.4890275
0.9140215,4.687763
3.5189288,4.770277
3.583054,8.810818
2.596911,5.8442874
4.0707474,4.5247374
5.7958755,-1.2412086
2.061775,5.3149495
3.1937675,2.3772545
1.712223,3.7351568
5.340407,4.8206067
3.2851748,3.3455687
3.311117,4.938333
3.5651834,5.659493
4.789814,3.679223
4.190024,8.05802
1.0193954,1.7954473
1.8165885,5.3238597
2.8341084,5.7878165
3.8424854,8.522963
5.636288,4.6140413
1.5533091,5.153757
3.1984875,4.2215495
6.350334,-0.7025575
1.4721215,2.0498238
3.6528625,5.1864157
3.8385727,1.1787833
3.9917936,5.71122
3.5432503,0.827817
3.8811123,8.836162
4.5697546,1.6205574
3.0086644,3.7511704
1.5417838,3.8754585
5.3204374,3.1036525
4.1922293,8.117609
2.5764167,2.7354317
3.744516,2.35303
3.1740608,4.174796
5.281256,8.052943
4.147489,2.0642145
0.7755011,5.0580106
3.2900832,1.2843238
3.6565726,7.876721
0.9742636,4.994018
4.1496477,5.795986
5.0923414,-1.0637215
4.8956623,2.3755968
5.4774313,0.21225686
2.0605168,2.0996704
3.5701165,2.7946496
0.736299,4.376564
4.045498,2.1614738
1.1782982,1.9893242
2.3054514,0.7453681
5.1680636,1.4750985
4.884619,4.7303
7.9902244,2.574498
4.0252604,1.8543643
3.098786,4.7690086
1.3179641,5.320765
5.6315327,0.86091584
5.174508,-0.6106755
1.9411373,5.3352027
5.172397,-0.29156718
3.3779943,8.095275
3.6431253,5.5443187
3.0345712,3.8496146
5.3543634,4.1985326
2.2649617,3.2508283
5.6087456,0.6233615
3.562186,3.5554988
1.9366784,3.5173225
2.2098615,1.8524637
8.452593,2.7420354
4.454508,8.07691
3.455057,8.378046
2.6498687,5.686067
2.3577952,3.3506641
4.393196,4.6956525
1.838152,5.084382
7.554156,2.2793167
5.2197666,-0.110681206
3.2957962,1.3116729
5.0270524,8.519213
2.8480937,8.142966
1.2444676,4.002613
4.2991476,-0.17255542
4.6407027,8.238163
5.6611366,-0.44658995
2.1353903,4.736707
0.9776051,1.9499596
2.8044286,8.977451
4.9928665,4.9587836
5.3383317,4.2032423
5.871569,-0.13908064
4.2861743,7.6199417
3.962779,2.6877077
4.7553463,6.782153
0.6414459,4.4873447
1.3845845,4.1755056
4.290949,5.20873
9.168438,2.5731754
5.3591394,-1.0692608
3.6538904,6.7569823
3.2520711,1.7315589
4.054243,4.9979024
7.5286613,2.764007
1.5800654,4.310416
2.0246508,4.8523254
4.2357893,4.607072
1.6147723,2.0546813
2.962933,3.9684145
4.235883,1.6096405
7.5397186,2.650079
2.850003,4.1550107
5.555835,0.2687107
1.7425816,1.1459697
3.44396,3.0206501
5.4854484,5.2218375
2.1335175,4.5168486
2.6400347,2.2580838
3.618024,9.521261
4.360205,3.031059
3.7988367,2.967898
5.9039607,-1.2980067
1.7049963,3.3156233
3.6019845,7.2125163
5.624874,5.270013
2.5778322,4.1648054
2.2244046,5.8177743
5.646396,4.5161986
5.0122914,4.6152377
2.5231705,1.2888156
3.5021403,4.2401824
5.031721,2.9210696
2.0705788,4.932442
3.868418,7.744842
3.9959857,8.3902235
4.7394953,0.030888563
4.9958096,0.15676512
1.8209007,2.4461913
4.679781,3.3092332
3.6599689,1.7491645
3.7285614,8.280305
8.902193,2.4295034
3.5405755,5.004775
2.7934968,4.6714387
5.249865,3.2021887
1.7504425,5.4696226
4.7034297,2.7097225
1.5749514,3.5973759
6.3776436,-0.58066785
3.405953,8.500652
7.1272335,2.7705321
0.66536933,1.9312652
3.5963552,3.4181085
6.213039,1.4716898
4.272306,1.9071542
2.57388,2.7644703
2.6900718,2.8594964
4.2938147,3.3333771
5.321876,-0.88457346
5.642225,-0.9382024
5.0165663,2.5349782
5.260789,3.1748314
4.1187553,2.8718562
5.4439797,8.418866
7.8037925,2.388801
5.3530383,2.6491168
4.2384543,1.7235398
6.4074717,2.825276
1.4427733,5.301265
3.3656847,4.5288134
3.2912686,9.73375
4.2216268,3.395299
3.0437748,4.540867
4.067867,8.486411
2.9875495,2.3047554
4.090149,7.81607
3.5063932,5.3468976
2.6376505,6.218983
3.698392,7.093278
2.6101286,5.0274196
4.139882,6.6938944
1.8974298,2.9633665
5.237048,4.525095
3.8517327,3.062999
8.055843,2.842081
4.6113133,3.1338272
4.0253215,1.8827512
3.080777,1.8234713
5.9114485,0.42561874
4.489671,2.6586761
7.553557,1.8651675
7.3537345,2.46711
5.0730414,4.792167
5.319754,9.304603
2.886833,1.8006109
3.92542,1.4321902
1.881877,5.6071014
3.3881538,4.946529
2.6426432,1.1230363
3.0232656,8.377104
2.2935455,3.830709
5.1719847,5.2961845
1.4685938,3.105619
3.5973516,2.2412317
5.5742297,8.911401
3.5524955,3.2101052
2.1968677,0.8632159
5.498085,-0.68783027
2.0366566,5.6314225
5.897654,2.7891343
4.7808213,2.8622649
4.18519,5.2180476
1.275711,3.3205154
3.6907165,3.8577816
3.4576743,4.661044
2.732597,4.5580845
6.1215367,-0.12918775
1.3541087,2.8549356
5.4447713,7.876233
3.1980958,5.381328
5.5497065,8.63132
5.1883373,4.0161915
6.6447644,0.014205408
2.8976057,1.5072608
1.7388246,3.02206
5.24207,3.7817652
4.2767906,9.06376
5.032984,3.8404837
4.0421076,3.3714292
2.2378318,4.5694585
3.3212862,4.40219
4.494661,5.472965
0.879497,1.3630505
3.2227833,1.0019213
5.292681,3.0021935
3.667963,3.5459602
4.4005327,4.2595525
2.2159476,3.5388005
4.3947377,2.0782688
2.898749,7.7816563
4.091527,7.1836996
7.022602,-0.12560587
8.898754,1.8805197
2.0226579,3.5407379
3.9025316,2.8530433
1.922418,3.1707463
4.7706842,-0.62267596
8.668184,2.8778179
2.2251513,3.614633
4.422235,1.3757496
6.1680045,3.4607494
4.331881,8.731254
5.31084,5.439434
6.465947,-0.4511727
6.3812428,-0.998122
1.8694732,3.394485
4.3234634,5.223556
1.2578893,4.931798
2.5429683,8.234141
2.1072066,3.7563033
5.5365663,2.862336
4.6054935,7.0953226
3.5602126,4.979081
4.3399563,9.578999
6.2673635,0.4407279
6.2646217,-1.2769583
4.200003,7.667835
6.047038,4.24232
4.061622,2.5471466
3.162499,9.296327
3.0597022,3.8735883
4.1091714,4.267115
3.5740297,9.023979
4.875042,9.210449
4.5946054,3.4731667
3.938015,2.6933446
5.536519,2.7429993
1.4559641,1.8019578
5.8040276,-0.60154283
6.4100084,3.2362144
3.4974742,4.7986307
8.626547,2.6615586
1.44419,4.258644
2.394848,4.884744
3.6123087,1.3243991
1.0561932,2.0974665
1.8439436,1.3521041
2.9700615,8.629786
3.0689092,1.4233038
5.0123286,7.397652
5.180301,4.2881913
3.185636,2.7596672
5.398571,3.4712448
3.2349901,2.2260053
5.0892954,2.7233493
2.353519,3.0567007
1.3655354,2.5081794
2.283819,4.682963
3.5787086,9.060413
3.8705268,9.311132
3.4435773,4.814108
4.8424244,-0.45992553
4.4124694,2.9131901
5.498629,5.2165027
4.5967603,9.62425
5.3636646,-1.0329244
2.3386114,5.3172674
4.4114923,9.190692
4.394814,4.0342546
3.6847675,2.5784905
5.617482,0.39026403
1.8015788,1.4788152
3.3751485,5.161127
6.084424,0.37948382
6.250212,1.1832151
3.475723,9.138833
3.4416597,5.7063565
3.462635,4.741277
2.064059,1.821916
2.5264063,1.156145
4.2031975,1.215834
3.7972543,5.476057
6.4016037,2.8064356
4.636188,-0.6754814
3.6391551,8.750484
4.931843,5.88384
5.7779136,3.3957922
1.2946668,2.7413554
1.8623024,2.4339938
0.79538625,3.377497
1.5690975,1.7207463
2.683203,4.999322
5.279664,6.826418
2.304599,5.4765654
3.99805,5.057518
3.3379452,0.7182965
3.6809185,1.8853005
1.5253493,2.7500865
1.9274241,3.277327
3.9548547,4.2591853
3.7156556,2.7613134
4.9532213,4.5698028
5.197635,5.799793
5.82175,3.2864835
3.2999094,4.419678
3.4713533,5.8852825
1.9168346,2.3694048
5.801048,-1.026939
1.9083059,2.6111393
1.5912728,2.042237
1.6241498,3.1740875
5.4691176,3.4009469
5.5412793,2.9244027
5.0320807,2.7282894
4.8300595,3.3001337
5.027031,8.28955
1.231503,4.3151703
5.957382,5.079026
4.7551856,8.665408
1.9226074,4.421932
3.6287005,8.234234
2.504659,5.4912486
2.7068245,5.944085
3.539129,5.731767
5.327039,3.741076
6.101125,1.3817941
1.8687896,4.195154
0.82691014,1.9646233
1.7009678,4.5907187
3.7920704,2.5755193
2.8578975,4.0978127
5.384238,8.357851
3.8015523,2.7558267
2.5508325,4.132432
3.157623,1.5847958
1.8121204,3.327069
3.1231103,2.8041024
1.7485523,1.3709176
3.627954,3.731056
3.1054285,8.551918
4.4811697,5.7340016
0.8354171,3.687027
5.37088,4.943484
4.1151643,4.0489693
4.0389433,4.6224556
3.905923,1.6615422
2.8799236,9.14082
2.9619122,8.3888235
5.811044,4.5554276
4.733976,5.5837417
4.3963428,8.034225
1.410626,5.2111998
7.5611577,2.831312
5.1532946,2.2514968
3.5307815,5.3862615
3.2749925,8.657552
1.2884809,5.071323
5.3332725,8.563381
0.86422014,2.191038
3.0023096,8.20533
7.1448216,2.3985157
4.897151,-0.75911653
6.043368,0.37058362
3.126245,3.1274252
3.7268958,6.0176783
2.993297,5.3056984
2.3616464,3.0914073
5.789395,-1.3052956
0.73579866,3.4859054
1.8972026,3.4370792
5.8872747,1.2786481
3.810497,5.324123
6.07164,-0.43371096
2.8295329,1.3065114
5.96823,-0.06666561
4.294367,9.652949
4.1543207,5.2587953
4.739312,2.9310207
5.4004436,0.07338834
5.134159,2.7465158
6.0227427,-1.0999484
2.5339234,3.3351367
4.4344506,3.1073751
2.3886893,4.725532
2.812414,2.0271556
5.68211,0.9820278
2.65597,3.2847214
2.2391486,3.3491325
3.5913928,6.8679776
3.476081,2.733988
3.3189104,1.8978873
5.483981,4.382052
4.2210736,10.007015
4.741509,9.71633
4.290406,5.764484
5.293777,5.456654
0.4736831,3.9182682
1.7847813,1.2391572
2.7148407,8.394229
3.4416049,1.724787
0.3659898,2.7250335
4.5102444,2.8736773
5.017699,7.8482404
7.436658,2.1361125
8.737501,1.8036022
5.643472,-0.7698422
2.53447,2.3609538
4.133863,8.475341
4.6757197,3.7543344
2.66398,4.929132
4.3962264,2.5468562
1.7617108,3.3914154
2.6358917,4.478457
1.9453312,1.0819097
5.6586037,2.5079496
1.7812517,1.7764144
3.0617352,4.9864044
9.307647,2.1792173
2.7018206,5.600675
2.5941386,4.1712947
4.55326,3.8308861
6.3705425,-1.2459645
2.9661913,6.0035543
4.366998,1.3921462
7.363629,3.011148
6.3564816,0.16184245
8.650032,1.8160398
1.3422672,3.663434
2.7937841,2.7294075
3.733044,5.7089005
2.1959052,6.0078917
3.6450753,1.3446983
3.3650346,7.7466884
4.385504,3.9809914
1.9150178,2.8075185
2.586204,8.198513
5.2382994,8.908898
4.137508,4.5362697
6.494222,-0.59380203
4.3941216,2.4580648
1.6448888,4.331569
2.4803581,3.1695535
8.148749,3.3129363
2.533639,2.5686367
2.6200294,1.1204559
5.155452,2.7115088
5.1207995,0.23948365
5.4120517,-0.25331846
0.7837176,4.6753764
3.7392595,5.830842
6.9890103,2.5695055
5.588233,2.742995
4.049759,9.415904
4.338296,1.6616791
4.266605,7.9303923
7.7216268,3.2974942
4.703622,9.104659
4.0699577,9.757756
3.389526,4.819113
2.699003,5.633203
2.9763246,5.1950164
1.3196998,4.171444
2.9373286,5.1581044
7.697327,2.6355977
5.001854,4.167641
5.47901,3.8438087
5.7752495,-0.9566646
4.400626,4.114903
3.6789527,2.0696929
5.1141324,-0.39599666
5.2753353,5.086763
6.7603345,-0.06632637
8.644291,2.1356373
5.715706,1.5315154
3.034503,4.042846
7.1561704,1.7726746
1.7444738,4.2394505
5.038969,-0.35030273
3.0793023,9.407852
2.3655987,2.173108
1.8329625,5.044472
4.1168084,3.9082906
2.9971764,5.108424
2.5515625,5.9573994
2.6226585,3.8205278
2.30622,1.2747612
3.0040777,2.7192297
3.2784395,4.328521
4.67746,7.504788
4.6908073,8.264782
1.2618699,4.0246134
2.215608,2.68786
7.235098,3.4956424
3.24251,4.74477
3.6417706,9.381651
5.7247105,1.3571115
3.2367706,6.8804846
2.443415,5.6022654
4.9922023,8.800546
3.6198502,8.406578
0.382528,3.3182123
8.879656,2.9762318
5.532339,-0.7808842
1.7608143,2.9027357
7.1174936,2.457233
4.8046465,1.7483084
4.1223235,9.697246
2.337501,3.446424
3.23557,5.775845
6.077154,4.8563914
3.0061545,1.1564196
3.6082432,7.98146
4.630595,2.1698601
4.4039793,2.371352
4.3027234,2.7229524
5.8233175,-0.5346335
4.758218,0.28091094
3.302102,1.5833215
4.7912555,7.772017
5.6172667,4.000406
4.6037846,2.4009504
3.620056,6.5171666
3.3219845,5.702401
2.3250988,5.7388325
3.3269036,3.7821813
2.2456064,4.4752107
5.330081,0.080837555
1.055882,5.2931
7.4889636,2.4139712
3.6028633,2.9870713
4.375898,9.5910425
9.397549,2.2242491
1.1106008,3.5120072
4.9782634,1.7083993
8.665646,2.516369
5.3575573,3.1270006
9.244267,2.3926275
7.8716874,2.7381723
4.079475,4.450048
3.1634886,4.62259
5.638443,3.529502
3.9314291,4.922013
7.618516,3.2008085
2.9034693,3.4840393
5.796071,3.8501155
5.229858,5.410675
7.9661136,1.8775672
3.120795,1.9369663
1.8199165,4.568749
5.2311916,3.0694191
3.3758914,6.9091067
5.2004952,3.7910306
3.4529963,2.3543003
3.5411837,1.1377089
3.792772,3.0908666
4.616842,4.1374497
3.1823683,2.5397189
4.0201197,3.5127058
5.826257,1.1981585
2.8467326,3.852723
1.6550556,2.5154748
4.4207983,0.19537908
3.0292013,2.2748349
4.5813866,3.969909
2.9598522,6.6479673
1.519313,1.2710667
2.5114276,4.838899
3.7361386,8.039873
4.9678974,4.131887
4.199488,7.177209
3.5171456,9.590899
4.6593537,8.381143
2.3147178,4.7723303
3.1623983,8.545425
1.3025392,4.4063563
7.5042887,3.167239
3.318126,7.0371614
8.381106,2.0702188
2.9125903,5.778117
3.3612757,3.2350233
5.439112,4.680046
5.508541,3.8554316
5.0313687,4.281384
5.861011,0.800336
4.9328856,4.9806395
2.3334184,4.978605
3.1154034,1.0560027
4.0325913,7.594769
3.968817,2.8973143
5.2938776,2.8631303
3.0837896,3.196149
4.6077952,3.9661849
9.027999,1.7779065
2.0586674,2.6461024
4.030009,6.38785
2.86987,2.0825336
2.1477554,3.8899655
2.798084,2.8460562
1.3331531,2.8868904
2.3909097,3.6115158
1.0686548,2.768232
4.4117155,5.1067214
0.40355036,3.6790931
3.043681,1.6618441
2.8680508,3.6737468
3.2907252,2.216569
5.213706,4.201699
1.9976456,1.8259486
4.494024,4.5767
5.125323,5.614892
2.7238991,5.2031326
9.458158,2.0930524
3.894813,8.515778
4.4251604,7.2545114
3.2563317,3.8285663
5.636723,-0.87960774
5.923441,-1.2910267
3.6636548,2.3282673
3.5265741,5.5095596
3.586598,2.6453626
4.377456,4.768114
4.1695333,5.1783175
3.8771996,9.489744
3.9676704,7.5503607
5.0127063,0.12816598
4.7274647,3.924141
4.7608643,7.636058
2.600336,6.9309163
1.7547218,5.219566
6.017892,-0.828708
4.2305107,4.452796
2.9526303,4.0868745
2.5033233,4.3287635
5.9370165,3.48867
9.167331,2.832868
3.6749978,2.9938521
0.86064214,4.445919
5.4148617,3.843601
1.8644937,2.3783276
4.0688944,8.070123
3.8085334,5.5078526
4.1596518,7.5304937
1.6435481,5.5517073
2.5410903,4.604987
0.9264469,2.0352128
9.203241,2.2886505
1.204213,2.6931636
4.091321,4.651035
2.52797,8.622789
8.721276,1.9461191
8.164741,1.7286805
7.675769,2.5552745
2.406275,4.8814454
4.1246066,2.9509661
5.58815,0.15781862
2.2826962,4.115961
4.0146117,9.20367
4.87332,5.948993
1.4024804,1.7246926
5.80636,3.374033
5.5075793,3.6445315
3.7782867,2.1443298
6.1315813,-0.08940978
0.90329057,2.7884922
4.9209223,1.9913754
3.4695601,0.44369832
2.6089516,1.6356633
4.5948853,2.9666862
3.6125438,2.6363266
4.7204394,-0.86686337
3.5351748,2.981507
4.0383177,5.3294005
2.96698,3.2000756
8.852184,2.1102724
7.107705,2.9128296
2.5773172,5.1113048
2.5788693,3.5980198
9.051739,1.9680377
4.297534,7.77523
4.2940135,0.53464633
3.2038827,2.930757
5.6819973,-0.035641726
6.269348,0.0068420423
5.655325,4.108644
2.355107,1.9073813
3.2225971,3.5393043
4.5302644,2.2441792
1.5783514,3.156547
1.9398727,3.3880434
7.9016333,2.9975994
4.359324,3.6356754
2.6833262,9.146812
1.0160289,4.2127857
3.439383,2.7878695
5.619969,-0.14238623
3.2914765,5.6147914
4.6482263,5.594691
0.96124125,1.9687952
2.4885807,1.9122308
3.0733223,8.567786
5.6772947,0.50049305
4.463808,5.3628054
2.825665,8.342176
7.937661,3.0527818
4.091249,4.13227
4.8272076,2.6594973
0.5876433,3.788856
3.6437004,5.4155216
1.2898449,3.2902846
5.270836,4.9078794
6.066281,2.9958735
2.409507,1.6597637
1.6746545,2.4484315
9.002869,2.5631785
6.2992353,-0.39436087
3.0230954,4.9789777
1.1670218,5.295766
4.9433556,5.575599
6.109925,0.90560204
6.0159082,0.6288097
3.5577426,4.500119
5.9879646,0.74135923
6.066995,4.520104
3.4903383,3.0221322
2.9354327,3.8726084
3.9805694,1.7734132
7.7777243,2.804773
1.9771068,5.137811
1.6974708,3.93548
3.5542414,1.8992299
4.16136,1.650413
4.5850554,3.9806793
1.0897802,3.829281
5.8597054,0.29811648
3.159664,8.173756
3.8754547,3.1594422
5.0381374,-0.5322597
3.6990237,9.65961
8.101125,1.9058193
5.4111705,3.5256321
2.0416257,3.9600358
3.9204576,1.9380667
7.4007707,2.739249
5.4573054,-0.8476775
5.5941577,3.917073
4.430897,9.124046
4.9220843,-1.0065436
5.090754,5.2100177
1.3004388,2.4953163
1.5343755,4.8831606
2.3709729,4.9580774
6.3709235,-0.16253549
3.5802767,2.0550547
0.90307724,4.8478355
8.52663,2.2855604
8.177431,3.2023346
2.2613437,1.0575331
3.7244608,1.1800098
2.5826166,1.3002771
3.616384,3.9099095
5.6554127,0.28289002
4.255141,2.0752823
4.2679553,4.162389
2.3077533,1.6512301
5.345015,5.1046915
5.234855,2.7407508
5.2071605,-0.04985777
5.1411657,4.286634
4.9524293,4.0413566
3.6595473,3.8667717
6.0023584,1.2530329
2.0641263,3.3559117
5.3585935,-1.1914237
4.1795173,9.420955
6.2219973,0.21417771
8.497014,3.0618672
2.84542,4.8397303
2.6220384,3.0989466
4.334108,7.4562874
4.159006,4.319613
6.5678043,-0.30244696
6.242087,-0.35701355
3.2438118,4.1234674
4.0099893,4.364351
9.093384,1.9125371
2.0626805,2.5328906
4.290881,1.0173515
7.0615644,2.7018912
0.75640184,2.559956
8.885801,1.7193484
5.269612,2.5379295
2.993201,8.932327
4.468139,8.505339
1.2201622,1.6862395
2.9859653,8.01255
5.5199366,1.6901253
2.8993852,5.0998883
6.367396,-0.49470517
4.399922,1.1025059
3.975755,7.352292
3.8298857,5.3084354
1.4472824,2.6543887
3.3266056,1.4783063
1.9008976,2.4477372
4.717231,9.028871
1.3963722,5.3466144
5.097908,8.051058
8.46513,2.6583657
8.685516,1.5740635
1.7468574,1.0784872
3.835484,3.5313926
6.033269,-1.6001228
6.2549706,-0.18606861
5.340661,1.3081464
1.8142747,3.5032146
5.273373,4.919735
4.876525,3.929864
4.4998116,0.85354817
4.195962,9.573921
2.699604,5.59873
3.8745134,7.6563835
4.64797,9.611151
1.321924,2.8311007
5.8099074,0.48402762
4.2062883,1.331911
6.292074,0.45890197
4.142686,2.26676
8.6715355,2.2090619
4.7971783,0.3800954
2.494671,4.1634827
3.883198,1.6209471
5.0582957,3.3470325
1.5454328,4.6542115
5.679329,4.8131113
5.284619,2.5006685
2.7785032,2.8429759
2.2683601,5.277148
0.56140465,3.083715
2.4516652,1.6291829
1.3792715,1.9223678
2.4973037,5.3981185
2.2122436,2.3965585
2.823208,1.6210402
8.4149065,1.7791517
3.7277293,8.24556
0.3613252,3.951785
5.1962876,8.219534
2.242291,2.4470887
2.070538,3.3188596
2.335076,4.8990674
4.047586,8.597689
8.782259,1.5824082
2.919032,4.13735
4.2628245,8.977235
5.9077544,1.6764724
3.3165562,2.5288339
5.8635983,-0.044661496
5.6144457,4.6542892
4.1105924,9.261207
4.476734,4.3282204
6.7261963,0.1485299
2.2029676,5.3454337
2.405098,3.228404
4.4779325,8.559789
5.97413,-1.3368062
3.1296587,5.94115
3.2103882,2.1093638
6.0561194,0.34242472
5.1893926,2.2955039
5.914716,-0.17070538
6.02197,-1.0840435
1.4297565,4.6104107
3.2592106,8.342144
3.0203712,4.485564
2.6647677,1.5201846
6.8654943,2.0368783
3.3602407,7.372484
7.171854,2.1086016
3.9204037,5.876283
2.562903,1.7379397
5.366764,-0.8911289
3.3265707,6.418043
4.879682,-0.5236789
8.690723,2.0897129
2.6365428,3.7244303
5.0888476,0.03566172
6.616455,3.346128
1.5041492,4.826461
3.957103,8.796589
2.5452082,5.7616935
4.0467653,4.772669
4.0944705,5.334653
3.471055,3.6431437
8.174041,1.9596883
5.0549526,-1.2689078
1.9196367,4.1696963
2.432759,5.2829432
8.471565,3.0189152
5.104622,1.304124
4.4134455,8.626664
2.6021209,1.635883
2.596185,3.0793748
3.7398472,3.0753527
4.9824743,3.4617295
4.4003177,6.2126884
0.37184542,3.273853
2.6073487,2.557331
0.4330183,3.882236
2.6016266,6.1504483
9.1408415,2.6118875
0.82391405,3.6240444
6.3191257,-0.7606738
1.2950826,3.844753
2.213511,2.4915283
8.628374,1.5750637
3.3807352,0.6597048
3.524608,0.6786239
1.1440966,3.2335894
6.2618284,0.57996297
1.8101104,3.810085
3.2060206,3.3659728
4.3379927,8.000375
2.8268561,8.561737
5.145414,8.657098
2.5886483,4.111864
6.893155,2.852525
5.656816,-0.6626533
3.3772807,1.5931517
3.9865046,6.6052575
4.7637234,5.310689
1.5937433,2.8791726
4.974541,4.9294186
6.6144333,2.542934
2.9055755,3.2930844
5.558061,2.1792898
6.3208585,-0.48799795
4.7737737,9.239814
1.7182033,1.5113709
1.7367673,4.644393
4.999199,4.46658
5.422234,3.5899389
2.6608646,4.9809065
1.4972476,2.1084492
0.6392499,4.669102
4.724168,8.458205
3.3532634,4.1321173
2.9344306,3.2696428
2.0087411,5.5265493
4.826938,3.784993
4.8918777,3.0259118
5.8580823,1.9463704
4.2167525,4.9933257
3.7317348,3.237772
1.0884815,2.862907
9.745317,2.1489139
8.491585,1.824758
4.565558,0.37792873
3.8140826,4.6661525
3.438621,2.7571814
6.219871,3.2257154
0.96546304,2.5369437
1.2021279,3.5359747
4.44147,7.159703
7.3697577,2.8473115
4.192571,5.8336077
2.7529647,2.399766
2.3301957,4.0446653
2.8163044,3.6284297
4.243944,2.7461212
3.3507867,7.176251
4.1138706,2.729812
3.2434194,4.4601912
4.306569,4.3465624
4.2740507,9.427657
4.511126,3.95827
2.6766722,2.8040183
4.5754285,8.056273
5.3713417,-1.1248595
5.6216035,4.2065825
3.1304405,4.6648154
4.7123904,4.451849
2.0032513,3.9243941
2.320619,5.192826
3.5835834,4.1691556
3.8073945,9.141233
4.237089,4.294893
3.9661672,3.164993
3.5234003,8.220708
3.5595899,1.1013948
5.1305513,3.1410546
5.205062,5.481484
6.352993,2.6322503
2.7457204,3.3699737
4.7577987,0.9724423
1.5056462,4.5751443
1.0032713,2.0577195
4.181525,8.997027
3.5524006,2.330825
2.8687325,3.2967474
4.377787,9.410701
5.788164,-1.4726154
3.1908298,1.3613571
5.0901065,9.339124
2.5651205,3.8113983
5.157142,0.21692663
4.828511,9.697454
2.4073577,1.760105
1.6973544,5.328403
3.436868,7.5673614
3.8255882,1.8837196
4.9007773,2.4992273
5.2768955,8.638005
1.5568285,4.6995707
0.9611453,3.63297
4.346243,5.4652824
7.9644794,2.252045
1.7340909,5.5922637
4.10871,1.5962726
3.2502966,2.6524737
2.9364543,7.294159
2.1572556,2.315822
6.816648,3.3052623
3.9380772,8.354121
4.3351645,2.180819
3.214407,2.7861893
4.115908,2.4669952
3.8828106,3.5266702
4.8766866,0.49373987
5.7907953,2.4282627
4.283219,5.9938107
3.1759005,0.9000544
1.7853533,3.7229385
4.2163615,1.3860722
3.0587344,1.7581866
7.7638054,3.3800082
1.702589,5.406489
1.0518682,4.993416
5.557693,-0.38161567
4.4652467,5.992232
4.505333,3.978677
6.6433225,0.86009246
1.6265293,4.1764865
9.556749,2.300315
3.7552865,1.5996066
1.7387003,2.9611976
6.590073,3.532294
4.1383653,7.8365097
7.7040634,2.5092616
2.940201,3.8140497
2.3775516,4.447888
4.354793,4.0313807
4.4014773,2.9442704
2.1007574,5.1297717
2.2935042,3.589701
5.956898,3.7164326
3.4596317,9.156859
2.3084931,4.93347
3.9422686,5.371263
3.796292,7.928626
3.4156682,3.9794455
2.5692034,3.5330362
5.0707927,4.914179
4.8686733,7.6234865
6.4019504,3.3735626
2.8897262,8.681231
1.3058208,2.5913453
3.4647818,3.4935338
1.8950884,1.795315
2.416897,2.1990657
5.462274,2.890419
5.0140915,2.4862463
3.3225667,8.406942
2.9314969,3.3209615
5.0546737,4.9916487
4.7454286,3.7388437
2.76548,4.452961
2.2901206,1.9443896
1.248102,4.8674674
7.837041,2.980746
3.4005692,3.7430892
3.3366077,3.8588116
0.79179674,2.6254978
4.7891903,5.130198
3.764683,2.9254322
4.2291255,3.4818606
3.1777236,0.8371724
4.4216638,1.8088679
4.5041876,8.490087
4.0164466,2.9291458
2.579664,1.9181333
3.905181,4.841782
2.3950644,0.9966469
0.7214735,2.817689
4.5638127,-0.62220967
5.4124045,-0.8761971
1.9656819,1.4763833
8.792261,2.722668
4.351007,3.0767164
5.037825,2.8348887
2.2711463,4.070284
5.220634,8.614218
3.904876,8.289853
4.824022,3.0108924
3.7423165,8.546481
4.504547,4.335356
5.690163,1.4752595
4.6465635,3.451722
2.623315,2.19548
2.832733,4.2277603
5.512594,7.0623484
4.2008877,7.3610005
1.6871617,3.015294
5.4356804,0.119629525
4.1183825,4.7610445
2.265294,1.9730488
3.391397,5.4517126
4.4918594,7.9232225
3.781586,2.1368003
7.2228165,3.3014169
4.246304,2.3659022
2.451599,5.432002
4.799278,4.7246366
2.946427,3.0049763
2.6072862,1.62535
5.865845,-0.27067727
4.692814,-0.94792694
5.1951604,3.7777622
1.0194131,2.748592
3.8862658,7.7583623
1.8729782,1.7723336
2.3580134,4.579831
3.218742,5.8279147
3.0477073,5.6884494
8.871619,1.9576072
8.409328,2.3839636
6.531225,0.1826208
3.2481744,3.8278916
1.4841714,3.269195
4.5389013,3.5917883
4.5200315,3.00571
3.4833398,8.750515
3.9685268,6.37965
1.5861696,4.520791
3.7698753,3.7609265
4.7171974,4.6286874
4.5326858,5.133013
3.77638,3.7994058
5.412543,4.430573
4.7789598,4.3942633
3.6856341,7.8806615
6.512232,2.2837856
3.7765203,3.8658743
0.9380352,2.7348547
4.176866,4.8745193
2.662201,2.0942252
4.5882683,2.7215095
4.609066,3.8689358
1.6460236,3.597205
3.4704537,4.2989464
6.6226206,-0.5915287
8.256024,2.6043298
3.8173594,6.6843915
3.5078418,3.9276946
4.602946,8.455943
2.0768871,3.159452
9.274938,2.2120304
2.252988,1.4686792
3.0525448,4.410666
5.6751175,2.2265282
5.4548807,8.512527
8.037552,2.6414921
3.8070388,8.582765
2.4921763,3.8124413
6.6970067,2.8856385
4.0009937,1.9810884
1.1820832,2.9418573
2.0331788,5.271265
2.1271954,1.7838475
7.1366634,3.4215238
4.481539,6.713066
3.7123728,4.1779737
3.697137,9.11858
5.38636,4.8327117
4.1655283,8.065096
3.5470357,1.2956604
2.3834555,3.7625716
8.744764,2.8562584
4.0378537,7.7421074
4.234566,1.5150428
6.3190103,-0.78190756
2.8421988,3.9103367
6.3881083,-0.5768013
6.50061,2.995374
2.2336075,2.6716177
4.432299,2.3684149
4.1343217,4.071055
4.04752,1.8000288
6.422968,3.2272613
5.9959264,0.6545814
3.8103638,2.5023046
3.6046433,4.3571453
3.8077307,5.855102
3.3040867,4.772991
6.222078,0.09742828
6.51075,-0.15510838
5.335686,6.9718857
3.0437229,7.449951
1.5865729,3.63934
2.729862,4.534054
4.169369,2.9084759
5.8154187,-0.96939474
7.0198255,3.1407657
5.6411157,-0.427064
4.514103,4.3774843
4.441691,7.8262386
2.257092,2.069015
1.4349872,3.9314063
8.429126,3.3216045
3.4638143,3.5081968
8.540522,1.7003752
9.355221,2.377651
7.6161914,2.286067
4.1743827,5.698428
4.5022454,3.253743
3.2551382,1.839239
6.0135045,2.740231
5.669798,-0.012407722
3.0166008,2.5459735
1.3995885,3.9321995
3.4331686,9.16331
4.5422525,4.6547084
4.0913863,3.234759
4.2916164,-0.16916944
3.4483762,2.4837964
1.4694668,3.4516654
4.4362454,5.542693
5.891195,0.0142083485
7.9469366,2.9073868
3.154561,2.318703
5.2517247,2.7499135
5.322128,4.424774
3.8276603,4.5345244
5.0548897,4.9492254
5.6032095,3.5182557
9.223975,2.114087
5.2114816,5.255797
4.8111663,0.7232508
3.5025356,2.6889634
4.0277658,3.14494
2.0985994,1.4441516
3.4469779,7.6349154
3.6448658,5.6505084
2.502481,5.0759106
5.793842,0.31939113
2.6219623,4.3683276
4.145476,7.8816133
4.3226175,4.764446
4.3390093,4.391306
3.1610532,8.862631
4.5866055,5.706581
2.261493,4.2035184
7.4160514,2.2698896
1.7028557,4.8284674
6.5488706,-0.28936803
2.1760292,4.4998417
3.3442042,5.1360235
3.1530924,7.413516
3.7939699,4.207135
4.1977468,2.5339599
4.341669,8.742871
4.289762,4.3828897
0.53343207,2.9019167
1.7607137,4.2142735
4.8967113,8.569884
0.5473383,2.1240087
3.6447115,5.414269
3.6722791,4.318054
4.353135,3.5954
3.9119427,3.7499824
5.3585925,4.632002
1.6981958,2.8762925
5.2990932,7.548929
4.430843,3.2050862
9.170013,2.4246306
3.7227695,8.986899
1.0505326,4.662989
3.5606658,4.3507648
5.082937,-1.3919371
3.4828076,2.3274066
1.6088095,3.309981
2.3321662,5.806026
5.568352,4.2111773
7.8228893,2.2357
5.2220063,4.9885197
2.2797332,3.1530206
6.0890026,-0.72059625
4.268208,3.2879355
3.2333174,5.305419
5.022095,9.0398655
3.2625647,2.5552084
7.5271173,2.725384
4.3220215,2.278213
4.896694,2.2926912
2.263141,5.4073324
4.808354,8.459683
3.5134828,1.3743926
4.218932,8.995363
4.768416,8.588518
1.2965307,4.9791193
3.720821,9.017551
4.220409,4.891623
9.575493,2.5106487
4.8742194,5.919983
3.747232,2.4831605
4.8548694,0.71611947
4.5507236,2.0127034
3.0202415,3.0606933
4.0678616,1.9021734
1.0961115,3.1858783
4.063654,3.3800292
4.0877666,8.041864
1.4226484,1.8625175
8.456428,2.5181978
3.559966,2.8397503
7.633147,2.036512
3.9132545,3.2651396
3.2612922,9.469168
2.3887033,2.9473114
3.4667647,8.768107
4.1982965,3.0713854
6.0350847,-0.10154009
3.85874,2.8523657
5.4983397,4.880048
1.57299,2.0161788
2.5951757,4.470067
1.1089343,4.7584267
3.8562555,6.588689
1.2537767,5.1227894
4.8638477,7.7327995
4.9172516,3.9339504
3.1841135,3.2858193
4.4937506,4.7290382
5.2310023,9.016849
5.4136915,-0.7725302
4.7543993,8.987304
2.4541636,4.138477
7.512571,2.3832657
7.4076405,2.6871989
2.410508,5.0889764
8.581802,2.4789076
2.9890494,4.8288608
1.1044565,2.950337
8.779193,2.6204057
4.222972,8.251688
1.2178792,1.9334009
0.7618459,4.282271
4.7186728,8.053698
3.1270404,1.3401787
3.1858654,8.139052
4.7763066,4.2570696
1.7764819,3.001958
4.9695945,4.33305
4.1141,4.8397818
4.530087,0.44160342
5.1901937,8.469822
2.753257,2.3088188
1.6351217,3.0615313
5.1043744,3.8312664
4.313313,4.79129
4.087035,8.478861
3.3351793,5.066703
4.9553604,-0.111980595
3.0378048,3.1793764
7.3865495,1.9454918
9.507262,2.5107744
4.9476438,9.372407
5.4452076,0.9341161
4.612764,3.7220528
2.7121284,4.5099916
4.621882,4.453098
2.3251982,3.7135413
6.085212,-0.9913426
4.0372424,9.4972105
5.165334,0.57587403
3.9703054,3.4688902
4.5579424,5.2225423
5.0813465,0.8305713
2.6924787,2.1525557
3.5144076,3.7192435
2.3761287,1.5983099
3.7472749,3.9893067
5.1423845,1.1543504
5.118308,3.2631872
3.3207688,2.728075
4.8799105,8.363585
4.7741804,5.7450233
3.2734065,2.7347195
1.2202156,3.9956586
4.5384145,4.6277337
3.011078,4.590723
6.191307,-1.2549021
4.42967,1.5899228
4.7041593,1.6584066
6.054761,0.51055866
1.463135,4.9168043
1.8741904,3.6677964
2.746002,8.420147
4.3917913,5.8004737
3.489521,7.92133
4.8616624,9.126859
3.4292831,8.777147
5.8482184,1.2557185
4.227177,7.599427
5.3537707,4.012393
4.0227537,5.1949425
5.6043315,2.089134
4.9408383,3.6764166
3.0916824,3.173483
4.3246675,3.1356268
4.760601,-0.29249057
2.8721256,2.4974732
3.6894796,2.1880608
5.675223,3.997392
2.8372633,4.4868665
3.1815286,8.567723
2.8897953,8.00874
2.4930959,3.329514
0.630846,4.290855
4.0615697,1.2304446
8.669484,2.4867554
3.4401457,3.4760523
1.638074,5.3848677
4.949407,-1.3235356
2.6405017,4.15431
2.643151,5.0776496
4.2904477,8.10749
1.697341,2.0340536
3.9953423,4.474011
4.296019,6.002254
1.674305,2.3101
2.4029694,4.2306614
5.6216817,-1.5093685
3.6008754,3.7031083
2.3795712,3.4560792
1.9331748,3.6020117
0.6179169,3.3981965
5.148084,-0.24862655
5.0002875,2.0448885
7.13266,3.4017453
8.41865,2.788871
3.1116292,1.4667411
5.4821587,2.3939557
4.38872,3.3176746
0.65378404,2.970762
7.1197147,2.5575726
4.2069793,4.3542957
5.5952344,4.771982
6.3762593,-0.42662704
1.3365301,1.3696234
4.678065,8.293079
5.563027,3.0831068
3.2207909,3.8935416
4.9463105,8.282037
4.0176516,4.0670266
4.317605,2.808208
1.676251,1.4898525
6.4377594,2.2131848
1.5129591,1.9222724
3.7625234,8.8923435
3.2870104,3.6280272
3.3237936,9.763375
4.094072,2.925532
5.7749224,3.575471
8.4065275,1.8570176
3.6454515,7.4952745
2.74582,3.0518231
5.166914,5.3729706
3.0527656,2.8066235
2.1716862,3.3149052
3.4587412,9.587693
5.5275116,4.995309
2.4105513,2.6486359
3.248732,7.351464
4.542112,7.3200145
5.397362,3.04938
3.5225801,8.044523
4.411178,2.2715442
4.535792,1.5893342
2.5803034,8.564203
2.77553,1.1214359
2.9369702,3.807265
3.8964603,3.7403996
2.6698322,1.0854023
5.361,-0.025505047
5.0238767,0.3580925
8.308489,2.3758836
5.5179057,8.247643
4.2927275,1.2673966
2.862395,7.688826
6.6384215,-0.85275006
3.526872,8.4944
4.9234114,3.7962658
1.9708091,2.6227062
6.679,2.6084569
2.629176,0.98040855
2.4017153,3.8775475
5.8566923,-0.73918587
2.8529365,3.5437372
4.046707,0.6315411
2.9934628,4.464831
5.181031,1.66201
4.511688,1.9495114
4.496491,8.27922
6.1629806,1.022605
4.3876038,2.8095074
4.845557,4.044876
2.1702085,1.7290435
2.5405703,4.2832747
4.01772,7.843092
4.4468946,4.0412197
5.1806064,4.26896
1.0941083,3.6151137
5.065119,2.5035634
2.5713682,8.17889
5.9171653,4.264543
3.1310937,4.0774484
3.4953964,9.533816
6.867869,2.2340243
4.843443,8.878264
1.5807227,4.132181
4.5799265,9.784206
2.793993,2.8333359
4.1283207,6.0154853
5.694526,-0.27232367
3.198733,8.518451
6.207615,-1.0782576
2.6820588,5.587526
4.3094454,4.093555
2.9611638,3.5476577
5.477003,-1.2569575
4.4689784,7.686075
5.2003403,5.323328
3.254756,5.0277143
4.8149605,3.037942
2.8043685,5.8164635
3.7406533,5.293153
4.9162526,1.7565203
5.0787764,3.168024
1.5603601,3.1750476
5.8507934,-1.0936177
4.8374133,-0.83395743
4.751519,3.077249
9.075422,2.103669
6.793794,2.7261486
4.980316,2.7455757
1.8523028,1.6922
5.030126,-0.74782777
3.3698301,5.4122224
1.9754218,3.0891638
7.610386,3.1569853
3.1665432,4.5312777
3.6000948,2.8132448
3.1780238,3.6450126
2.288656,3.377233
4.467568,2.3755338
4.815866,4.0396237
3.667825,4.408825
3.5916946,7.953171
4.493914,9.817769
1.8523686,2.7409976
3.624671,9.045004
3.3535414,8.103622
2.6224186,4.42656
4.7233157,3.8458905
4.1602216,6.073898
4.2732773,5.002216
2.7673948,5.058253
4.9491334,8.581422
6.0007806,-1.0895004
3.2596943,1.5851842
2.4203846,2.9343028
2.834484,0.817619
4.618339,3.4314373
9.480959,2.152009
3.6238122,8.267956
4.1874466,3.720824
4.542864,7.924575
8.806036,2.769933
3.826896,2.7890503
3.4442384,8.747432
4.2282147,9.037344
5.6504307,2.9973457
4.856822,1.248835
6.7642064,3.202937
4.5930266,7.766947
3.7751021,8.679419
2.5835807,4.1864142
5.442805,3.6765323
2.6680121,3.5233967
8.249641,2.6679697
3.348528,1.6326108
5.5754867,3.6707838
2.6103761,2.132734
4.7070856,5.5396323
3.789184,3.266856
2.5985994,2.755901
5.4027324,8.574172
5.287068,1.1477418
3.0641441,4.1714387
2.946661,3.3662128
6.070147,0.51295424
4.264204,8.04859
5.2280946,2.4343243
3.4181738,3.297336
9.278639,1.8892562
4.391448,7.420912
5.552479,-0.6169951
3.3505526,7.904959
3.203918,3.44612
4.51669,2.7863579
4.970448,3.4297872
3.3180227,2.7287533
3.5571487,1.7780161
5.7723937,3.772791
2.2180429,5.2652884
2.4201434,1.9753326
5.053206,-0.24131909
5.2637296,4.9193163
1.1489756,3.4408557
4.3329782,1.6521652
1.813129,4.354049
3.659636,8.348065
5.638717,-1.4780585
4.847444,5.363353
4.110161,9.130968
4.175723,4.722293
1.1185704,4.9359994
2.9592147,2.4203799
3.9754176,7.980666
1.7046156,4.643553
4.606074,1.8169069
1.5334756,4.3013415
3.1106668,5.879415
4.9587765,1.4851792
2.0901499,2.5428336
5.4796495,-0.44813666
5.3162875,5.1407757
4.693192,9.050968
5.711802,1.2260854
8.92105,1.6168379
3.5568466,2.789164
2.793459,1.1943403
3.4929833,9.4464445
5.471782,1.2027577
3.5415018,4.845063
2.7141593,2.0834548
4.8536687,1.5251372
3.1680863,5.1682673
3.376856,5.188721
3.7771943,5.0049195
2.33047,2.8830557
1.0601676,2.4326692
4.160918,7.947254
2.9080558,7.71546
1.6681967,4.0513906
2.9068823,4.6770406
4.351791,9.225245
8.240721,1.8723149
3.9029858,4.7091446
2.7837512,2.4338222
6.4044776,0.37283418
2.2497349,5.628533
2.7987661,5.866387
4.6006837,9.672408
5.9935937,2.4413867
2.3254194,2.4686182
4.461937,4.66611
3.5039895,9.555278
1.68624,5.499122
1.7127415,4.646918
1.9394051,5.739429
4.6467366,2.1290455
3.4764757,7.4784994
8.00644,1.768023
4.4265194,3.2438357
7.8936987,2.2440975
3.6857736,8.540035
3.9791577,4.2129145
5.2790747,-1.2155813
4.360775,5.566801
5.335055,3.57006
3.3466566,3.084907
4.916794,9.664392
3.8640532,9.220962
5.956717,2.0197687
1.9337391,4.468865
4.6048875,4.9606466
1.2197388,4.2956214
3.8846972,1.9995217
6.23983,3.0539064
5.049421,8.043604
4.4929705,0.12325901
0.7512069,4.9719934
9.39325,2.1767387
4.820795,2.6081502
0.7478881,4.3392944
4.8427587,2.0797656
3.3850772,4.550675
5.582874,-0.44687766
2.8832998,2.9694667
0.9607309,4.1799235
3.209222,7.8778405
5.4493055,7.9246993
5.5495596,-1.1764681
3.6114235,4.081398
0.44963524,4.166205
2.917433,4.709674
3.5965948,7.902563
3.3071635,2.4181361
3.5528903,2.7138522
3.3711169,2.0322905
2.1639678,3.7858005
4.3058605,2.975693
3.445342,2.3769364
5.7435193,-0.8300418
5.15487,8.858441
5.8761005,-0.400795
4.1153803,3.7631915
5.1564927,8.864124
4.2321796,3.6606677
4.7678323,7.574315
6.6606064,-0.37045842
5.1161723,3.2104805
5.838049,-0.24597786
3.314892,2.8711743
5.394237,8.833937
5.8399124,3.9041204
3.1075768,9.31588
3.8242147,4.4195514
3.2153025,1.3974472
6.296618,-0.3127658
5.5614715,-0.66889215
4.675989,8.881431
2.29018,3.992185
3.174412,3.05926
7.2105365,2.7073631
3.8247578,8.616934
2.6944406,1.9937313
3.1257968,6.437065
3.8492484,1.3061012
6.126528,0.31217387
2.9283578,8.981817
5.6271787,-0.82959235
2.7482288,5.192588
2.9777873,4.695852
1.0524796,2.7016299
5.838023,2.4752786
4.1083374,4.178258
3.5545948,4.308161
4.057565,3.2193336
2.0686536,1.1060481
5.4546447,1.7461745
4.143321,5.28896
5.379649,-0.019973742
3.503691,2.6083682
8.584621,2.027965
1.4398429,1.1406832
1.8782809,3.842388
0.699003,4.737715
4.296241,3.373727
4.3667045,2.0862298
7.059909,2.0308032
2.8176935,4.5447907
6.676884,0.12063078
0.83364654,4.1878924
2.315825,2.7356374
2.894369,2.2706766
5.482003,3.7135808
3.5869699,2.3637419
8.971912,2.2811916
5.2920203,0.95444304
3.994389,2.0117116
2.9034367,1.6802278
5.710125,8.318099
4.5054927,8.904395
9.385137,2.523451
1.6992185,2.2930405
1.407134,4.7836885
6.5051622,-0.28182903
4.0236797,6.4001303
4.115095,8.070294
2.6523292,2.4050643
3.5529444,3.425747
2.9782171,4.099097
3.0124764,3.04026
1.8772265,2.978001
3.3158154,3.3465965
4.812778,2.0979805
1.9099594,5.9056964
2.871723,5.139385
4.6202197,4.535948
1.2031125,4.982545
2.202314,2.876258
3.3632367,4.236836
3.0647273,4.7094016
4.012219,3.765792
8.573912,2.908986
5.7595887,4.587612
1.7515649,3.9173772
5.6185274,4.371598
2.514586,2.4424098
4.372511,9.241595
5.473141,-0.016868448
2.7910955,1.2137593
2.216033,2.2359238
5.216335,-0.8836453
4.7066517,2.8128698
2.2262106,4.6691604
6.757066,3.5490303
1.2204237,1.2172763
7.111489,2.992417
8.47048,1.6894922
1.5029647,1.2195616
5.657271,3.3212903
3.1484413,8.400842
0.8793443,3.7732387
2.9991536,8.073188
3.7544377,9.029077
5.157342,8.6853895
2.5277662,4.7434273
2.682929,2.6880174
2.4756908,8.682801
5.356924,4.363206
9.178667,2.4078512
5.7623906,-0.18648812
3.6411958,3.5622246
4.723277,6.7906337
3.3175642,3.6688194
4.605498,3.6156156
5.6197686,4.3918405
3.5944345,4.4505773
2.6160066,3.325707
1.6828301,3.1655214
0.81292796,3.7023625
4.266885,2.388209
2.1889448,4.5053654
2.4509647,4.3045754
4.1563144,8.64982
3.2574923,8.422112
1.9764402,3.6799839
8.22426,2.8372843
5.3757815,4.9018965
2.7386222,2.3098104
3.0370524,4.5374804
4.3383217,3.1523275
6.170592,-0.2310252
5.9709635,1.0150542
3.3015342,6.101228
4.2244453,3.7812073
5.9224563,3.5688205
1.9297246,4.401576
2.6453812,2.674493
2.0768232,3.9664385
4.3209853,8.728702
3.6830504,8.775084
4.6799564,7.588297
3.4165606,7.7581263
1.4665972,4.4776564
4.489033,8.296809
3.798079,8.132231
1.3431821,2.3634288
6.0141907,4.7272677
2.0075145,2.1399627
2.7039917,2.075908
5.8875904,-0.7449449
5.970919,-1.332957
5.2936187,1.2238693
4.4219685,9.266614
4.1048436,3.4775953
4.29796,4.4031534
0.88562447,4.065281
3.8089173,4.326705
3.9851968,2.7018085
1.5179176,1.5308559
1.8792306,2.6752112
2.8483577,2.5646935
5.171923,1.0499274
5.2654257,-1.3351456
1.7423977,4.7410483
5.6779976,0.5863269
4.9306207,2.2465978
3.9150074,4.552827
1.3133314,4.237652
4.6929054,4.145186
4.1650834,4.711012
5.7882724,-0.57975686
2.7277625,2.11361
5.122873,3.468601
2.35335,4.373051
5.969755,-0.7576835
2.6268868,3.6846454
5.589011,5.210287
4.986976,-0.044582445
5.1345387,3.885841
5.6835155,0.60680646
3.3086479,8.051017
3.8762598,4.484509
0.8601586,2.2912674
1.6721923,1.9595635
5.1751127,0.43159264
0.3637509,2.9610937
1.9970387,2.1981308
3.3994324,1.0369755
0.99943906,4.237319
1.0469909,4.240531
5.438818,-0.15247533
2.2559197,1.917539
3.636608,4.6734233
8.827949,2.120899
7.0746317,2.4868183
3.908539,4.1691422
6.6814137,2.126412
4.1909833,5.321901
8.188564,1.7513198
4.836121,3.3724155
9.003922,1.8391956
4.755255,3.6412182
1.0829195,3.6095166
1.9248179,4.4888935
3.5257306,1.983047
5.030578,9.443437
4.246021,0.08156227
3.2152169,8.500601
0.9950947,4.7741737
8.585312,2.486491
2.7243793,4.44403
1.394946,5.1902137
2.0581284,3.4089365
3.40693,7.608965
3.8214355,3.7141147
3.8480082,4.543756
3.110758,2.6478157
4.5918813,0.41862634
4.682616,5.672715
3.5588593,3.9998665
4.606935,3.3574188
9.053027,2.4846876
4.293759,4.848981
3.8183093,2.5052025
5.080091,7.640934
4.90059,-0.61205107
4.3316574,9.610556
4.8447785,7.9590626
0.6512029,3.1432197
3.4027376,3.5404985
3.558598,1.874144
2.0024548,2.281714
2.7057114,2.3108242
4.637639,4.906161
6.8176093,1.8347231
5.479869,-0.7051289
3.4402878,5.5601726
3.1624808,1.8477722
3.6567304,3.676059
2.046928,4.2555413
0.4955996,3.8559399
3.167301,1.7441123
5.567687,1.6490448
5.9559984,3.1439083
3.4906256,2.14305
6.067022,3.5117922
3.258561,8.157902
2.0453315,4.8202314
4.6749806,7.593941
5.293306,3.0741172
5.4343963,-0.08058669
3.0702822,3.422575
2.772936,1.6199374
4.8075933,4.506092
3.315265,4.990447
3.3019953,2.3846262
3.5945117,8.780214
1.1452129,1.6658286
2.9723074,6.6568646
5.3218985,-1.0332891
3.3498833,9.128767
6.730948,2.6497476
2.273062,1.2460107
6.0494127,3.6598315
1.0270351,3.4574046
4.431271,7.962101
6.16296,-1.1583575
2.8343441,3.4436967
1.3520314,3.364986
2.508734,3.2854753
5.3524294,4.9921074
5.347963,4.3497076
2.3847346,5.108545
3.0192811,5.8509855
4.355518,5.4160256
4.471046,4.588062
9.234617,1.9027048
5.017705,5.631544
6.3097687,1.4329374
3.791525,8.147667
2.9902496,1.6526871
3.051047,2.7556074
3.8895988,1.7842902
1.7958523,5.3809767
4.395879,2.423166
1.4228482,3.6153579
3.9398148,4.534909
1.5508091,5.387736
3.7396903,9.462141
1.1374426,4.6772165
3.3275864,3.7317092
2.7029002,6.1936626
1.5200157,3.2506988
3.8652573,4.6503124
4.751098,3.7196124
3.2884498,2.531208
0.7132859,1.8865639
1.8220385,5.3640566
4.7576485,7.8346744
4.40769,4.135634
8.657068,2.4540126
0.9764776,2.3793561
5.034402,3.2343798
3.437066,3.4810677
2.805339,4.1799345
2.165811,4.7308154
5.9320045,-0.0048470334
2.038444,4.601608
3.8365471,3.7318778
4.418247,9.456664
7.1043587,2.7713373
4.9279356,9.236734
5.461753,1.6117591
1.8109671,5.0229373
4.034687,8.025884
2.946039,9.047273
3.3980956,2.3799672
4.567763,-0.057831608
2.0998225,3.2089622
5.880777,0.8196457
3.223878,2.0267498
6.1192474,-0.5912753
3.2554812,1.6936644
2.3121896,1.0625392
2.9152725,1.0901291
3.8187351,3.41394
7.0618615,2.707715
5.5298805,3.7107728
4.7331414,3.3761356
4.358823,4.3027806
5.4863687,1.7359457
6.1882176,1.9415368
1.9218302,4.853595
4.2363353,2.7101917
2.0150344,1.3172928
5.0341377,3.765766
3.210624,8.439818
5.3715787,2.3400512
7.2157373,2.932033
7.8479476,2.7266347
4.5902734,4.6093507
5.5073633,4.042396
3.4628272,2.5014405
3.8376133,8.751654
6.094545,3.8428934
4.1047454,8.400702
3.275551,8.545625
5.6200023,3.8955953
1.9724976,3.4177136
3.2919028,7.8537173
1.5289301,1.0938959
2.8504481,2.256675
9.314675,2.3388848
4.016155,3.0804346
5.1934915,3.93015
3.9555826,4.7196374
4.0191045,7.6587443
4.7881546,4.1580057
3.5592785,5.417626
3.4861202,1.6912562
3.550066,1.8428177
2.8222337,1.7669197
3.021366,4.147536
9.174381,1.9152604
3.1328416,1.2401011
2.2566576,4.562304
4.0156207,9.07783
3.6742716,1.6266595
3.5561707,3.4549308
4.716318,5.3928533
4.7155776,8.735601
4.5007873,9.063317
5.0497828,2.512173
5.815354,0.26105893
3.9220054,7.8925085
8.033028,2.6811554
5.6807055,3.0490484
3.5684965,9.700218
5.1958413,-0.49734798
7.8371706,2.202912
7.1919813,2.8402607
3.464928,3.069783
4.112177,6.1776485
1.3785346,4.3055077
4.101989,4.206979
4.6797285,0.2027123
2.940296,3.8589542
5.1325,5.519604
4.861463,4.107246
2.1198974,5.0302553
4.1200294,1.11394
0.6125975,2.5132968
7.6321497,2.2140052
4.4384236,3.6365073
5.2445703,-0.8266884
5.7178097,0.2318599
4.407395,2.4640477
4.414431,1.4751409
0.9074935,4.9569044
3.2400398,7.888475
2.6978626,8.30947
1.8456992,3.5540977
4.9618,4.166981
3.113294,5.8753786
5.2480917,7.842802
4.9277472,8.940833
3.0376806,7.541516
2.6575575,8.516729
1.202311,3.4418218
4.4748673,7.4438853
8.414258,1.6613438
3.2926412,1.7880235
8.16224,2.4822648
3.531396,5.563746
2.365455,4.7738085
3.847503,5.137352
4.936472,1.1989766
4.592713,6.044217
5.7617397,-0.41519597
3.3349843,4.0349126
0.9205651,4.308018
4.2852645,6.3474655
4.1975884,9.412915
2.7623074,4.798355
3.4961603,8.442992
1.8553245,4.0826926
8.804492,2.5376196
3.7888048,5.3579206
5.284877,-0.6332836
6.5909243,-0.11646009
5.791364,0.17551313
5.7660136,-0.94323444
4.800519,1.1685872
2.9205384,4.4737134
7.933133,2.9196768
4.4064713,7.8414307
3.0606515,2.4778945
3.6659322,8.040383
1.5090542,2.7495718
2.8213172,4.11839
4.3851767,7.1612997
3.1817832,2.9043453
7.4061046,3.0606394
5.711061,2.2022793
1.7692249,3.0856829
4.026578,8.23072
3.0552614,1.4315654
3.9106672,3.821056
5.84795,3.7207172
3.773442,4.730246
1.5106565,4.324779
8.6336155,2.284319
5.5237803,3.588935
3.1902318,4.695833
2.6468282,4.8183026
5.357272,3.1158605
0.31709215,2.6035242
1.9922438,0.9819422
3.6750846,3.2769303
4.9206457,8.277758
5.0677156,8.355684
1.4338747,1.5908781
4.6901636,4.4591613
3.3037257,9.090075
5.0823636,5.1047597
1.5062256,1.7569629
2.1878407,5.8589005
2.2179153,2.9975076
3.2478166,7.7685995
2.2442882,5.2311373
4.0639253,8.970344
1.0835615,4.0446486
3.8320098,7.914975
3.7951376,3.032035
3.1072514,1.9991258
3.515401,6.6693044
2.5324547,1.2915058
5.9169903,0.82249904
4.710713,2.4879603
3.9406445,1.3659152
5.071399,7.707775
2.6357365,8.190529
4.372976,4.9093485
2.8298566,4.3842616
3.8939815,2.3724136
1.3906087,3.8336506
3.9072523,3.8827538
5.4308605,2.0146103
3.1776657,2.9437897
5.8825607,-0.72685766
4.0641046,0.8448244
4.2125297,2.1432443
4.444355,3.9993525
4.9982967,3.1990569
4.684179,2.4195545
4.401172,2.009011
4.2621765,9.230722
2.2431269,5.2214813
4.962293,4.1932197
4.570805,2.0179641
5.3576427,0.31597418
3.9198005,3.2659118
4.6067905,-0.44659975
2.3952382,3.6734912
2.992135,5.1965814
2.19639,1.9187039
5.669368,-0.21375234
2.6120942,3.586731
1.7050737,4.3282695
6.1542315,0.15736534
7.329716,3.1947527
2.8945801,3.9745588
8.255216,1.7541883
4.026412,3.5926478
5.6471233,5.241596
1.4567962,2.7542048
4.8144946,6.7339683
5.431804,-0.32373586
3.6292286,3.9023907
1.5889789,2.4013069
1.8668358,2.4345129
1.2728589,4.8939915
3.7920005,3.613779
0.404076,4.4333434
3.3817353,1.7716143
4.8184133,3.113452
2.7804408,1.5011717
3.1420577,8.715343
1.4314646,2.5639305
4.6143475,-0.7855898
3.234969,3.8118925
4.250652,3.8058412
4.107858,1.8429383
1.8771483,4.128724
6.4986596,0.23352487
6.082806,-0.42310283
3.2819846,4.941353
2.801787,8.921558
5.574488,3.3849914
4.7449727,8.689724
3.3017998,3.1375995
4.616848,8.21605
4.618287,2.5855014
7.296287,2.8924384
2.2365768,3.780183
2.3631823,1.895347
1.3172234,1.4868623
4.42269,4.6500726
5.591018,-0.5026228
5.4910493,3.7967901
4.7249427,2.7315683
3.1020346,8.033108
1.8696506,2.4980066
2.387192,2.011492
3.6971347,4.5065637
0.959809,3.3224154
4.355295,8.405037
2.92037,5.8443804
2.9892375,7.804709
5.185867,8.333274
2.2724338,2.7871878
2.905102,6.109898
2.052728,2.230406
4.538747,8.900747
3.9162889,4.5205917
2.6537657,2.3464358
3.3859866,7.5779147
0.6293913,2.7781265
2.7906199,8.914993
5.715508,-0.2703503
4.6749983,3.4132977
0.9043495,3.6210907
5.9681277,0.04855391
3.7486956,1.9444968
4.259056,5.61201
4.048691,1.5400875
2.6785927,4.2430096
5.1717463,-0.7226066
7.2123604,1.92498
5.267121,4.2261014
3.4579911,7.7970824
5.0479,-1.2627732
4.594152,6.172615
4.6365585,0.8217798
1.4605987,2.882544
7.619407,2.9690351
5.1476955,8.234659
4.9669576,2.2189462
1.2319847,2.1220832
5.1558,4.6810946
4.0376935,4.2012362
4.098902,8.598177
1.6843855,2.074176
4.478501,9.142904
2.3886676,3.776879
2.9558294,2.2420151
4.767428,4.951606
5.8817353,1.2767892
4.017672,9.465327
2.4260094,5.3123646
2.7403104,1.3274387
3.4259117,5.460008
6.2241826,0.52041835
4.4757037,3.2262225
2.4940012,4.2503314
0.5624365,3.6932027
4.3497953,2.3345513
5.5041814,5.570986
9.180102,2.8494864
3.40726,4.699391
2.6557045,3.6942723
5.2544723,0.88701046
2.768283,3.5980053
1.269515,3.3709233
3.7299883,3.1646469
3.5776694,8.561776
4.217589,4.12604
2.1168911,2.0243123
2.7916903,7.3651366
4.072853,8.536481
4.6602144,7.5633063
3.1582518,1.45925
4.459039,4.2134624
4.9746156,3.005459
2.3032115,3.1801717
4.5453277,2.0259066
3.3791525,7.8553314
4.1385536,3.8385768
4.5188136,7.9952245
4.497662,4.5118823
2.854269,4.501266
5.8940864,4.578076
2.615863,3.4115937
6.027124,-1.1537757
3.1528583,6.26683
5.447366,5.433774
2.5445924,5.0742073
5.9549847,-1.0229504
6.5889096,2.4166238
1.6834533,1.4579008
3.0787477,4.696272
2.2980657,1.7191343
4.820927,0.4772269
3.956176,8.221409
3.3803754,3.6180937
5.0043144,4.7292256
3.822678,6.425794
2.2361429,4.367112
2.1006637,5.340132
8.439231,2.1048696
3.768583,7.868017
5.7011952,1.6130366
5.1628537,0.7639669
7.9946637,2.184716
3.9076064,2.3149052
3.6777549,5.7387905
1.9487505,4.2602854
5.456163,-0.54268104
4.9095435,9.565437
1.7104803,1.6637303
3.0068433,7.138075
9.59236,2.342078
4.59187,5.308612
6.075714,-1.2488208
5.1484714,3.3107238
1.9326464,2.2392333
5.4538116,0.6548913
1.5184497,4.8546734
2.526675,3.7301128
9.260247,1.9177073
8.074858,1.6925285
5.936932,-0.68742275
5.1010394,1.1362575
3.5244336,1.8589201
3.9050734,7.5873156
2.0838423,2.1469138
1.993293,2.3872752
3.0447826,8.224335
4.0598936,7.8198266
4.646265,9.57589
3.0072458,5.2620916
8.311488,1.7089752
4.489527,3.715871
2.5609024,2.3707106
3.3733652,4.9795933
3.5334015,4.235576
8.140164,2.1537132
4.790377,0.36238676
2.6950169,3.3181767
3.0021424,3.0839586
4.472944,8.087982
1.8859149,4.4552646
0.8168983,4.304105
5.9542675,4.713612
1.7577554,1.9491376
2.1435628,3.0470963
5.0967193,1.9946157
8.746957,2.641839
1.9927847,1.9118822
5.0048566,5.107593
6.9833746,3.1668453
3.2301733,5.5130243
4.658892,0.5526499
7.961458,2.1099434
4.515289,8.181446
1.3187585,4.6066723
1.7948354,5.0466104
3.9574113,5.6776266
2.7477055,5.54228
3.122339,6.912735
4.6850085,5.122631
3.1281476,4.419865
1.8090439,3.751564
8.11944,2.5041058
2.843914,2.4235322
4.3337255,5.4161754
2.3250666,3.9500406
2.0644124,1.4248947
8.095667,2.9176104
3.6128418,2.9660764
2.6281419,4.919209
4.4842243,5.0270314
3.6019733,2.400721
4.0023017,2.4472969
5.1782646,-0.6808659
6.1404357,0.5521421
3.0812743,4.016811
5.4240913,-1.1210463
6.110218,3.7203836
4.5192947,4.7790704
1.3346126,2.047983
3.3377576,4.7575774
5.2525,4.2140656
6.1218877,-0.3573072
3.003791,3.8861732
4.2229905,2.6081784
3.106121,4.673362
4.009771,8.6508
1.8649032,2.4731362
4.016603,3.293549
5.089107,3.4572315
1.7494249,2.4893425
2.2058778,4.5479007
3.9494317,5.2948203
0.8013401,2.2393293
1.1191498,4.9231873
2.6306818,3.6730397
1.7702979,5.571634
3.362446,9.558069
4.576946,4.83282
1.6740901,2.965694
0.95704377,3.9036467
1.1186146,4.2894177
4.878908,4.428182
8.512339,2.292568
4.8861065,3.8459458
1.2913866,1.4730705
5.47002,-1.1586064
5.2760377,1.7683928
8.25098,2.02429
1.3423626,2.3708353
4.204158,1.8367008
3.5686083,0.7297084
4.293275,2.8558095
5.974412,-0.3565143
4.2531757,1.4104582
3.6571043,7.485593
4.994313,8.468782
2.3103895,4.776052
5.7561426,1.3373598
2.5820715,4.904841
0.75971633,3.2957325
5.3768044,-1.3679093
5.463254,-0.09854017
1.861146,3.0567722
3.9753892,8.700745
1.3359147,3.1129456
5.0154104,-0.41642985
9.259814,2.5131948
3.8660321,4.6255045
4.6030855,0.8730979
4.9572988,8.621677
3.3262348,8.863112
0.6805352,4.29872
9.393123,2.1298647
5.1602736,2.606019
3.657567,1.4133981
0.7448956,3.6232867
5.730262,2.9857967
3.8020167,5.364128
3.5280216,2.658597
8.471639,3.2070963
1.9225658,3.2182498
4.6407027,3.4433422
3.2012815,9.625191
7.6837573,2.9100254
4.221866,1.6056991
4.4142456,8.174937
2.5351992,5.9156785
2.9005573,1.5498275
8.921481,2.5478144
1.2959504,5.5210514
4.8313637,9.070181
4.1457148,4.6509743
5.1645155,1.4146811
3.8941438,0.58873
5.4911075,0.09782778
4.198976,3.7055075
4.6905484,4.7342463
3.2380197,1.4671413
0.859077,2.6650152
3.8140805,3.0707855
3.7660658,8.883829
4.5943103,3.8099608
2.7535028,4.4404273
4.7107,8.29921
5.38124,1.7294056
3.7316985,8.535405
1.1934458,1.9770191
3.8213,7.253456
2.4666343,4.443781
3.0052187,8.129379
6.3474703,-0.41230854
3.7109263,3.7268224
2.7560706,5.6687326
5.1706624,3.901067
2.3794084,4.0607014
4.4474497,-0.25821674
6.434239,-0.41219375
3.2830951,7.247366
4.882548,8.144162
4.849945,-0.75248265
5.7642207,0.90369564
3.4624147,3.2781744
2.0050118,3.7337246
5.1204495,3.3447812
4.441255,8.304432
3.853958,1.5008724
3.6718676,4.1442013
1.7211763,4.6885977
4.5892496,0.35985413
6.5012283,0.31687465
3.5341225,9.653903
9.542571,2.4803627
3.7430043,5.882787
4.681947,-0.006516524
1.8369485,3.5003226
1.5230985,1.4502403
5.991517,0.29908448
4.7365446,4.311526
3.553428,4.672525
4.6461053,4.1481676
8.03654,2.1323733
4.3922343,3.605174
1.6643149,5.0623574
5.8619566,-1.2809942
5.112764,4.645876
1.4274195,1.7684815
2.6001544,8.219658
2.41389,3.7517123
2.7466078,4.028415
3.3895786,9.491584
5.427577,8.280461
1.5604582,4.565968
4.7298374,8.265534
1.1558489,2.166069
6.2042027,-1.1002402
2.9637678,7.512928
3.226575,2.591289
2.726786,3.1064048
3.7710004,5.572151
1.5642045,2.156598
4.6433387,7.5868382
1.9983207,2.209186
5.9501014,-0.5675948
9.063094,2.3537931
3.688213,7.521356
2.9715881,8.148615
5.79137,3.8438756
3.3573117,1.7864454
5.482469,-0.23250657
4.9884763,2.2482178
5.0825877,9.528223
8.000782,2.6595702
4.70407,0.7578791
3.5593252,3.282395
2.7866638,4.3816676
4.5551486,2.5211167
3.3099713,5.3440185
4.534324,5.8804336
3.3982644,8.45378
7.09426,3.2249198
1.7602245,4.110809
2.3782568,5.4451632
3.5699883,7.1553445
5.4661045,0.8950862
4.6281414,4.501882
4.1388893,7.9481053
4.4698753,8.863521
8.468784,2.812907
8.524783,2.2736213
5.5821652,0.7624798
2.774812,3.6549122
5.228278,0.7369777
3.4923735,9.743349
3.72187,1.2224118
3.6941733,5.421221
4.9099956,-0.32030937
3.9714744,2.3475814
2.1435792,3.096561
2.0065765,5.684163
3.750314,5.6417546
4.1151543,2.7677522
2.1381743,4.6653943
4.0442204,2.1479635
1.1855298,3.5715432
4.250667,2.7829254
2.656734,8.231008
3.7026806,4.3771496
4.384432,4.9601607
3.495514,5.60615
7.977619,2.9184597
2.8721232,3.344439
1.972104,3.5819447
5.172315,-0.15374993
1.9513365,1.5252025
2.6747203,3.353623
3.975735,2.063322
5.3983026,0.036636673
1.5712632,3.3242774
3.8326428,2.2924783
4.328594,8.918691
3.5109441,8.6567955
5.349507,2.3702204
2.745686,3.4148512
3.4266717,4.5052247
1.4591793,3.9456604
0.28248715,3.1839514
5.8756843,-0.7284053
5.70934,4.7698903
4.8961134,9.539982
2.8019671,2.6531682
0.8601274,3.1360176
7.1109014,2.040328
4.1932983,9.80087
3.800547,1.7275475
4.1412396,6.333267
4.0533843,4.215336
6.4276953,2.842824
5.118434,4.4496293
3.3579233,4.76516
4.549338,3.8345282
2.7260025,2.2490675
2.1731296,4.949687
4.371904,8.91067
3.149856,3.688975
3.4801786,5.440079
3.5116358,2.34747
3.3139775,4.645544
