8.000781,-0.984504
3.8887043,1.1153376
7.316949,0.11599369
12.603429,0.70579416
13.579553,0.81461394
7.2797832,-1.2210342
6.254535,0.3893342
8.146023,-0.6210019
5.291564,5.6166563
5.364999,1.9913695
4.7356486,0.6528024
8.596433,-0.8210084
5.428466,2.1636739
5.6641507,-1.5592687
8.693887,1.8985279
5.431378,1.0648223
7.985999,-4.0321245
6.1503267,-1.1932249
4.986867,-1.4661621
5.734263,1.2146432
5.5756135,-2.9025953
6.860392,1.7135653
5.59335,2.29935
7.032018,1.8207055
4.574519,-1.3808753
5.8846607,0.81909996
4.6254034,-0.16558893
5.6035523,1.0925378
6.128124,1.6539081
7.619001,-1.3088436
12.381125,0.61295825
5.5989547,-1.0120711
6.9495034,-4.60828
6.0095778,-4.7491097
7.068738,3.1075943
3.5299807,0.059419304
8.525515,-0.57821876
6.0916433,4.8708444
6.4268928,0.016773129
6.3714633,-1.7980528
6.776694,-0.628884
7.418499,-4.6933165
6.4135227,-4.374698
7.6525335,-0.40486446
8.6852865,1.4981352
3.9542863,0.29144356
6.420635,-5.0244884
6.85592,2.336535
7.0038404,-5.399394
6.5334425,-3.3901873
6.042427,6.529632
6.9831734,-1.6628217
5.566308,6.546098
6.1142235,1.6866437
12.829504,1.8666432
5.681087,7.286361
7.2757173,0.12645957
6.230539,1.9303523
6.95397,-1.2933646
5.4168906,-4.1620307
7.4391327,2.2922876
6.2376056,0.74791616
4.777676,1.2364472
4.4816914,-1.5340413
7.153039,-0.9900525
4.8901978,0.4320825
5.510497,-3.700164
8.061213,0.6555206
6.008838,1.352781
12.866447,0.05769875
12.730859,1.6575882
11.761029,1.362557
6.5841312,0.65388507
9.012739,1.5592843
11.01647,0.9468074
7.9379096,-0.10339964
10.628804,-0.018690715
7.0497026,-3.8672507
5.7455945,-1.1132723
5.8268914,4.1667295
6.832408,-3.546428
5.8572264,2.468889
5.8509383,5.5192842
4.632735,1.0276761
6.8237853,2.6931279
8.532039,1.7025065
7.1038327,-3.1404335
7.6532383,-0.74964726
5.3849263,3.7869086
6.6043324,0.7903661
5.5365467,-0.1629973
12.456026,1.313854
7.0469275,-5.052055
7.181695,-0.7270331
12.796955,1.5320523
8.253638,-2.9898183
6.803269,-3.2508128
5.8534937,-0.83355147
7.765575,-4.5339513
12.341301,0.6602824
7.5476727,2.4542556
6.905253,-0.5475288
8.712526,0.3332923
6.9817905,0.642826
13.0206,0.91554004
7.482602,-0.7860439
5.257669,-1.1420215
4.2962217,2.1452074
12.99058,1.7572314
6.769971,-4.841382
5.6126056,-0.8478305
6.8891945,-0.7873365
7.477325,-3.3099382
7.014774,2.4245248
5.740491,0.9395887
4.346363,-1.0018103
6.7343273,-3.9918098
6.9701204,3.017625
6.5411434,-3.34809
11.173372,0.96676373
6.0792694,-4.013083
12.830704,0.16777915
6.647753,-0.3971967
5.4029875,-0.9547146
5.1376114,-0.5961357
5.1668434,5.8660564
5.5288506,6.418846
11.226162,1.4437686
12.454408,0.20645891
7.1836505,1.3108058
8.009749,1.0555296
9.342728,-0.16144283
6.843418,1.4260668
5.939106,0.41247907
4.3284793,-0.62600803
6.7205153,-3.0277283
5.901825,-3.8184497
4.7803426,-1.0484052
7.3659816,2.2293522
6.0528812,4.0458117
6.7574477,1.3686739
5.343361,2.1215296
7.3317165,-1.5551783
6.816508,1.0426819
7.2814174,-1.2701242
8.886075,-0.66919553
7.6585956,2.5483758
7.916823,0.34757683
5.712101,-0.37329987
7.185968,1.982781
6.8515577,-4.5008454
5.969198,5.204741
11.080019,0.61655945
5.8978686,-4.701736
3.453627,-2.0669453
7.0277233,-0.9758329
12.60287,2.1549501
5.762644,-1.4522
12.572335,1.2540827
6.463235,2.566781
8.352513,0.7927031
6.141767,2.523727
7.4356647,1.0190628
12.994743,0.9679337
6.5791135,-4.447116
9.0480585,-0.5541983
3.3928447,0.4821854
7.5645833,-4.884599
6.090663,0.6697159
7.5016017,0.634931
7.87085,-0.02422911
7.3544006,1.2635964
8.17139,2.0192485
12.703723,0.8046276
4.085282,-1.0162681
5.156061,4.935657
5.9072576,-3.5885606
10.2304325,1.1906867
6.1532507,0.6486606
5.315646,-1.5972263
6.232206,-4.456388
5.6376286,-3.891919
7.088959,-0.22886659
4.758783,1.1968197
3.9150445,-0.23491749
9.153496,2.186496
8.001859,-0.33202314
13.030706,1.2406379
6.7286034,1.5658239
5.7926006,2.6418393
4.575434,-0.020853769
7.7656336,1.3339189
7.95195,-1.5293144
7.819571,-0.034269914
7.260804,-3.7815745
10.811833,0.9680108
6.697664,-4.6839623
4.9428506,5.5427146
12.917429,0.7560951
6.143271,0.58423275
5.8523054,0.6778784
3.336048,-1.9938087
6.0257764,2.5142112
6.1266923,-4.425299
12.75681,0.099319436
7.7860813,1.6218106
11.539205,1.1100293
7.016739,-1.8552747
5.0581627,5.281953
5.9285755,6.584419
6.3215375,-4.010917
6.5053816,1.3312825
8.277217,-0.26696855
6.92127,-4.0486135
7.296099,1.8455018
6.725959,-4.193501
7.2992806,-0.391137
7.578396,1.9504012
4.846594,-0.72303575
11.597223,1.3460343
8.633104,0.7935629
5.909075,-4.7224116
7.694632,1.9813982
6.3505907,-0.21131921
5.5231133,4.200914
8.551891,1.6486667
11.196335,-0.15727566
6.37475,0.30744243
9.300165,2.111394
5.053553,1.8723605
6.4498014,-0.73808765
7.6226587,-4.698336
8.821762,1.1856292
7.057257,-2.8921971
5.8081017,7.159995
5.2198734,5.6559553
5.5753064,4.7740264
7.1293883,-1.1560179
5.729089,0.084600314
7.8686275,-0.18566214
8.11512,0.3767195
6.900427,-5.4349546
7.5260835,-1.8813391
12.44019,1.923919
5.9737735,5.485397
5.002206,0.6802197
6.1921535,-0.39644238
7.4467993,-4.2892394
5.9049253,6.74491
8.064919,1.0299095
4.6615157,-1.762954
5.524076,0.030400705
11.430147,0.4101743
7.411381,0.10446146
6.940677,-2.9330027
5.172389,2.1290221
3.6248157,-1.2459921
8.467746,0.9325721
6.1497426,-3.4592242
4.625089,-1.8389832
6.44165,-4.8875914
6.4491954,0.12954827
6.6257653,0.123781115
7.727457,-0.76693153
4.582133,1.0137768
6.0852523,-3.8373563
7.590413,-0.60450846
6.7107944,2.6108832
7.1148233,-5.223198
4.5748596,0.5848544
6.031002,1.4318854
7.2060614,-0.50277656
5.744692,7.2253413
5.602451,1.1807952
6.8526874,-3.2244592
5.554759,-5.0697074
8.328575,0.2920385
6.848703,0.9481588
6.778472,-4.949979
5.2800045,1.7909786
5.46738,5.6795034
8.403029,-1.5067545
5.1618037,5.4568973
6.4717097,0.89741015
5.816981,-4.1250033
7.853377,1.8118356
6.022134,0.15886302
6.1668835,1.6951878
5.580838,0.004767973
8.985512,0.42237094
7.3130984,-0.35051867
6.0690885,1.1599864
4.3644824,-0.5405888
7.437406,1.8652678
6.8883023,-1.8955088
10.015659,1.5701838
7.334856,0.12459512
6.816032,1.3344177
7.375996,-0.55071867
8.896166,0.10135803
7.471461,-3.576695
3.757376,0.8984132
5.7435484,3.2772644
4.890024,-1.1494392
7.760052,0.7873307
7.9331193,-1.7848676
6.191891,0.39822322
9.528434,1.4077982
7.032002,-4.4987617
6.275939,-1.4248083
11.839425,1.2594897
4.866337,0.39355296
3.7163165,-0.18447141
7.7726808,-0.38512844
8.874413,0.3047788
9.090663,1.7641096
5.5167985,1.214869
11.270233,-0.13476548
13.06004,1.5234313
4.9818716,1.9940475
7.91998,1.9740127
5.0547504,5.918176
6.289283,0.30478743
9.263405,1.7418666
7.528513,0.56579566
5.193621,4.5223947
3.8719893,-1.7589842
5.529689,2.1636229
9.380987,1.7754223
4.8130074,0.8859801
5.984322,1.1461929
6.406869,-3.8700619
6.49549,1.5168996
3.789027,0.35620764
6.483862,0.6533684
6.0135813,4.642008
7.3353033,0.77452177
5.740799,0.41935793
3.844698,-0.06856248
5.572267,4.52686
4.483155,1.4542738
6.7056227,-1.531314
8.298401,1.2119942
7.189616,-0.5101231
6.439735,-3.703729
5.404314,1.2709565
4.977823,0.8011228
7.247302,-5.005541
7.178479,0.559081
9.121906,0.71094966
7.8442574,-1.4250585
6.629814,2.1302185
9.128767,0.34109074
6.4701567,-3.202858
6.6969604,2.0301552
7.9851356,1.1513976
6.3032675,2.2770414
6.7165184,2.9772847
7.917422,-0.33751968
6.2409916,1.6446966
6.346284,-3.9761422
7.7038016,1.6436111
5.5806756,5.688622
8.39617,-0.95963216
6.261632,3.8719928
10.01938,0.13787395
12.379597,1.1071709
6.714946,-3.601116
7.84056,-2.3408887
6.5408726,0.486326
7.1936293,-0.61490273
8.406935,0.51948047
6.6546254,0.084040344
4.8289905,6.2077036
8.588926,-0.9367198
5.443471,7.103222
8.346647,2.064277
7.313699,-0.4979711
5.961142,5.222479
4.526172,-0.9839288
5.0415926,5.42273
8.396091,-0.98123515
3.7783954,1.1979176
7.384693,2.9936998
7.3975663,-0.45956972
8.024083,-0.2909286
6.1129794,-0.49646983
11.380553,0.6611574
12.274949,0.06964897
7.09246,-1.61104
6.060332,2.8415632
5.662377,-0.66255665
7.4214535,-1.1116128
6.261468,-0.72992414
5.2370343,1.654875
7.07436,-4.360161
11.650577,0.3281421
11.515652,0.17847952
8.67374,2.4779744
4.0606456,-0.05925199
8.983158,1.8301982
5.941468,0.9677692
6.528649,-4.19369
6.846264,2.5296054
11.080622,0.9056824
5.933766,-1.8291672
6.5046487,2.308453
6.014884,1.0091685
4.051591,-1.4555292
5.3965187,1.8909065
6.0418916,-4.7128453
8.040118,-3.0745301
6.304043,-3.7811522
11.681843,0.8841798
8.041583,2.819081
6.783701,-4.4083214
6.0553207,2.1386886
5.495517,1.1854769
4.2490377,-1.2904038
7.9161506,-3.6814468
6.7836127,-1.5419718
6.265614,4.7218823
6.277073,2.8270185
6.5750074,1.3713667
5.6314406,-1.0058775
5.0597887,0.54256696
5.5108995,2.2680988
4.9724717,1.589586
6.035168,-3.4792004
6.0289702,-4.9042296
12.602039,-0.20033996
5.111794,5.4352818
10.066872,0.6826802
3.4805233,-1.6780053
5.813475,2.1414566
7.1376457,0.41890794
11.11741,-0.3696644
11.340987,1.3829547
7.6292114,-4.4908032
5.5589614,0.12531708
10.511634,0.28079858
9.498933,-0.55336785
12.385848,1.9130021
3.6426127,-0.90449154
3.8776698,1.8454986
8.36508,-0.5741381
7.2566423,-1.5300845
6.477866,2.4080312
13.17873,1.0762813
5.1287994,4.922352
5.153832,2.7926323
6.082737,3.9396622
5.8230224,0.7858806
6.723602,-5.020268
5.039806,5.8192477
4.5657983,-0.39255527
8.3599415,-1.545091
5.2196045,1.1209028
6.1984153,0.09522376
4.389828,1.7212261
5.521801,-1.538981
4.6207604,1.3011723
6.2565975,0.42420706
7.3993263,0.28062433
4.9228954,2.012381
7.6334105,-1.8606712
12.679216,2.2308445
12.506665,1.9589655
5.0723963,2.7308958
7.949644,-0.21064581
8.317136,0.19364488
3.7370565,0.34444192
5.4230876,4.8222847
6.064956,6.6688476
8.899503,-0.6043806
7.2310724,0.022069668
13.731761,0.9869885
13.096886,0.2938251
8.821812,-0.44537902
3.4833486,0.4942333
5.202777,1.0359167
7.8423743,2.9591444
5.237382,5.928223
6.7669272,-0.9986821
8.190029,2.8250127
7.0226636,-0.7864854
4.903677,1.4765788
11.766304,1.6677779
6.021432,2.348933
6.6572375,1.1328832
6.28118,-1.9150041
7.329701,1.416554
7.157468,-2.1727405
13.131201,0.5820492
7.8586345,-2.9122982
7.1702304,-4.7474074
9.270022,2.6246417
5.484142,5.662477
7.0950503,0.8348312
4.6707225,-1.805489
12.328199,0.21904168
4.9190993,6.150301
6.945175,0.9608268
4.307916,0.36399114
9.306057,1.0310091
9.760937,0.047321618
4.1498084,-0.40555373
5.0326114,1.7863919
5.3729334,-0.94392043
4.9306455,0.36925018
8.978726,0.1951651
8.894787,-0.9919541
7.328423,3.2654724
13.197709,0.721359
7.6653533,0.3655001
8.951834,-9.944601e-06
6.3302245,1.4841866
5.9747124,0.84319186
7.9775667,0.10176696
9.766732,-0.60366035
7.2604303,-3.593687
5.400882,-0.819342
7.2298594,-4.89771
5.9347553,2.4217813
5.7384286,-0.36954942
9.090001,1.8584551
3.9305031,1.0633342
7.6301384,1.7001314
5.5353317,-4.0680575
7.610761,-0.089144215
8.905673,-1.0056361
7.2245474,-1.4645083
8.437673,-0.5161119
5.071441,6.964177
7.6464915,-4.3467617
6.8157578,-5.499892
10.683525,1.3437774
8.857435,0.03071988
5.8117003,-5.1165686
7.5983934,0.94027317
6.8064775,-5.010086
5.347437,4.2101784
7.78597,-0.0014598162
5.8833165,5.462324
8.06915,1.8718307
6.5308595,1.1645805
4.4969287,-0.942469
4.5749683,-1.3797965
5.698574,2.3271425
3.783232,1.2156373
5.743924,1.5986432
6.671626,-3.0821044
6.189488,-4.3282633
12.016575,0.24575065
4.7369003,1.5137602
8.066845,-1.3067818
8.287871,-1.1945502
12.598061,1.8564931
3.7049704,-1.1784574
6.629224,0.33267307
9.501634,-0.038332533
7.7712507,-0.59178144
4.5640154,0.73837274
6.2735395,-3.6538296
12.649701,0.1383452
13.04036,0.43547782
8.766406,-0.12269163
5.35714,2.468488
5.78626,6.5892377
9.476907,0.7726428
5.619135,1.0224576
4.2561674,-1.7824968
5.9022374,-1.1597353
5.632606,-4.9328985
9.52917,1.3686047
3.7915084,0.6710713
4.9089756,6.1334753
7.22759,-0.99002343
5.5400906,-0.30519006
6.3924,0.23734412
4.7378225,5.627975
9.294548,1.2999771
8.134806,1.724641
11.607943,1.9165514
6.2105217,2.1961646
7.622651,3.0041525
4.720924,-0.5405689
5.4979467,3.817956
5.648654,5.795198
6.6320615,-1.3703073
6.130286,0.8343323
6.710673,-1.2530364
8.62515,-1.1014134
7.432066,-3.963912
5.658007,-1.5912466
4.9681344,2.3722875
7.3652554,0.55321544
7.986471,-0.6026912
9.090309,1.0882449
5.34533,1.2887032
8.672452,1.462081
8.253208,1.4652816
6.452544,-4.4798784
6.4377284,0.7310052
7.8905807,-4.392129
6.594908,2.717476
6.922514,2.2390728
4.710654,1.6265402
6.9444947,1.5057576
8.333041,2.4335668
7.0829997,1.6082683
5.6702447,0.3091187
12.432171,0.43129653
6.4900527,1.7332163
6.012275,-3.8586547
5.937753,2.818828
8.43926,-0.24432747
5.7004213,-1.4695956
9.785444,-0.023845786
8.110443,3.083356
5.724258,3.7617562
8.221912,-0.66103923
7.622254,-0.93342876
5.2314253,1.5150558
5.2546024,0.60223544
9.447391,0.6261376
5.658495,-4.14789
7.621397,1.230288
5.2854714,5.36178
7.869334,-1.5220734
8.806648,1.8294089
5.292648,-0.20110929
6.3741884,2.6490908
6.690985,-3.5443702
6.2558317,1.2922696
6.8955817,-3.637617
7.956023,-1.1673148
10.568919,0.37924606
5.3896213,2.6690595
10.814511,0.80276656
7.57693,-4.520468
8.303138,-0.664952
12.312553,1.2251314
5.3425164,0.16651954
12.98954,1.778606
6.2024465,-0.35889578
8.567649,1.6671472
5.8579183,-1.3154951
7.363102,-0.34090146
11.313791,0.77685696
7.358902,-5.044806
7.208376,-0.4662132
5.433043,0.18125215
5.95759,-4.3748584
7.820672,-0.9794348
11.974157,1.634276
9.264802,2.173838
8.066034,0.8907182
6.547385,-3.2634633
8.428431,2.2741065
7.460813,1.8204217
7.9949183,1.5842608
8.889399,0.3088285
8.153265,1.3654515
6.571832,-4.491686
13.520113,1.8460785
7.147173,-2.848447
7.722013,1.0458565
5.8351,0.54651743
13.358278,1.1409647
7.548082,0.66829085
7.9673915,2.7341416
12.126767,1.190131
7.2028728,1.4824233
4.8056946,6.304017
12.104881,0.27416596
4.2319317,-0.5575072
5.3609915,-0.18195952
5.222167,-0.89255357
6.205622,1.8560771
7.265258,-3.4486976
7.5342383,0.09301418
12.703392,1.2648637
7.080539,1.1915579
3.3300092,1.0746771
6.185412,-1.3744066
10.005378,0.716397
6.3441687,-4.2533197
8.549704,-0.46147832
9.322777,0.1222224
6.1469655,-3.4867277
6.302585,0.2836991
5.133887,4.035752
11.907582,2.0136907
4.539675,1.0021162
7.210032,2.3979292
8.473599,1.3226209
9.325196,-1.0775422
5.989298,-4.0817947
6.242849,-0.80093515
6.713233,0.14997558
5.99473,0.5940285
7.179725,0.3304439
7.759138,1.7692136
11.559652,0.104704045
11.426314,0.9325955
5.468567,6.533852
8.854329,-0.2548804
11.09961,0.39086676
3.9285238,1.4606234
6.1115475,-3.932738
4.097848,-0.375996
7.4091024,-1.7616305
6.1618905,-4.0815377
6.237848,-2.738131
9.449058,1.553827
13.097291,1.2705684
6.491534,-0.73379254
7.1434655,-0.9111794
8.119333,0.784478
5.3336215,4.6457376
5.418138,1.5493852
7.89605,-0.5023759
8.140456,0.6525217
8.80335,1.4671522
6.982654,-1.1482137
7.4294825,1.3373235
11.039525,1.3839064
5.9026923,-3.5733156
8.152403,-0.5323196
6.1024656,1.0420921
7.231189,-4.706829
8.597781,-0.06270573
12.461659,0.7285563
11.966746,-0.13655724
6.011029,1.985083
6.7951503,-4.76408
9.15239,-0.86157984
7.570864,-4.2170353
9.204097,0.16912071
7.7115393,-0.26974764
12.438493,1.0543689
9.183671,0.37263703
6.716315,-0.490171
5.765756,0.7664738
7.0171046,-4.2310815
8.641258,1.2412637
7.293104,1.3910923
7.2644677,-5.316001
6.7701583,2.968528
7.261045,-2.8205676
5.7146473,0.06322629
7.7024474,-4.4354563
6.766811,-5.21077
5.24702,-1.250781
5.615803,4.750535
13.450659,1.2807866
6.5902185,0.5825451
9.071321,1.2298996
8.863689,0.7867741
12.417695,0.49371606
7.401455,1.8127815
5.920239,-4.053346
7.1472597,-1.7705163
8.267551,0.12071766
5.523643,-4.4184585
12.313322,1.4511498
8.100018,1.2993447
7.076874,1.1787945
9.076979,-0.16260429
3.7848523,-1.9493531
7.5153546,1.8608634
3.2015514,0.7523746
8.203427,-0.6480955
9.3408575,1.5756197
7.488266,-3.8123462
4.0865254,-1.7098211
4.712649,0.24571784
7.596193,1.5059294
6.073809,6.424936
6.129594,6.2426505
12.817761,0.90388525
7.1261225,2.954646
7.4622874,0.79832065
9.941087,-0.049186494
9.10291,0.4574915
12.971505,0.7260672
3.4875197,1.5127665
8.020281,0.5430844
5.8026633,2.3941362
7.320305,0.097616814
12.798772,0.9477207
11.465709,1.1821271
6.7740526,1.9412355
6.783133,0.85892165
5.9719296,0.46934307
11.92581,0.5371411
6.3297286,0.32178357
7.5973034,-1.531433
7.4649334,3.053935
12.498335,0.12617333
5.5280933,-0.024149993
5.248806,2.215748
6.416477,-4.1357737
6.5001254,-3.5978088
6.418505,-4.7253017
5.1658874,2.0661356
6.9203115,-4.1676188
4.827529,2.1474125
12.742798,1.7347944
6.851341,-0.8359333
4.4005013,-0.883874
7.053953,0.18380396
8.151234,1.2525834
7.538516,1.1146607
8.231354,2.602649
12.311298,0.53985083
13.396226,1.6064115
6.945788,-0.2857868
5.5484724,2.3812714
4.2806506,-1.9179682
6.4137974,1.1766635
6.7521343,-3.7926426
5.7548428,-1.481531
6.9834967,-0.8005682
9.322627,0.13240167
8.959719,0.5270495
12.366166,0.24344239
6.6048245,-0.26668203
5.4825635,5.2691393
6.14455,2.577045
5.968402,-0.78333175
6.5229597,-1.501618
6.39412,-0.48223552
6.777669,0.1575587
9.279268,0.5842899
7.6176357,1.9628216
6.6543603,-1.2454981
5.1029124,0.19482586
8.172516,0.67890704
5.7173553,3.164988
6.3077044,0.8310993
6.3868012,-0.20436908
6.212185,2.281067
7.012248,1.1991425
12.098758,0.8153078
8.1852255,-1.6688685
7.4287744,2.9938066
7.1965137,1.1121578
7.256753,2.3125563
8.047825,2.083444
11.945757,0.6095103
5.86888,4.228334
7.9335256,1.1691551
6.353169,-3.4262228
6.124072,2.3466122
3.6626897,0.15978509
7.3301754,2.652257
6.660952,1.7884264
5.2713776,0.64997345
6.411261,2.408652
8.830847,0.8888585
6.3247414,1.618886
9.912403,0.9230719
4.735361,2.0002806
5.409962,1.2525424
6.747095,0.88434637
6.1211057,6.131643
7.932198,-0.9342201
8.0739,2.0638213
7.460468,-0.7087152
6.8830028,-4.5241375
6.000794,5.88026
8.460518,1.9670285
5.9724927,-4.8921595
9.190855,-0.42691407
8.007305,2.1650627
7.6656766,-0.68918806
3.406828,-2.131076
7.184739,0.47485822
4.4648867,-2.055464
8.5487995,2.578899
9.067418,0.99374187
9.2570505,0.5814525
6.8984327,2.7985973
7.538902,0.05174303
4.891392,2.2240264
10.277876,0.87248397
12.523423,1.812918
6.241767,0.4014334
5.850463,-4.426294
5.825037,0.47260365
5.4882107,0.53255635
5.730765,-4.1534085
4.5443363,1.9233434
7.1278286,-1.7877742
12.864569,0.69476265
8.117534,2.6618984
12.591271,1.9541966
11.750015,0.14341383
4.251535,0.8383094
7.997351,-1.9292712
4.873868,5.264988
4.8065767,5.410571
6.0009995,0.47025955
13.201028,0.04639487
8.077348,-4.5553627
6.9633803,-1.3736893
5.958575,-4.5466285
8.063476,-3.9428983
6.970191,0.5329765
8.444739,-1.084002
9.207294,-0.42803872
8.915981,2.221133
6.77908,2.1565106
7.290429,-2.229627
5.963164,-4.4963245
9.285915,-0.833177
6.3498006,-0.5763686
5.2451773,2.6861181
6.8180923,0.6255741
6.277461,-3.6302173
7.2355785,-0.4876074
7.7446313,-5.022212
7.669647,-0.14259069
8.222788,0.50868964
8.388587,1.4289061
8.345115,1.9249681
6.3246603,-1.0775908
13.399319,0.9109114
9.388269,0.4168967
6.1950197,0.96544063
6.2656612,-1.2997712
6.0197954,1.250595
6.48753,-1.4606869
5.811406,-3.1451035
6.355187,0.47099736
7.669298,-0.32197148
3.970821,-1.7689943
7.894265,2.3307445
7.170296,-2.8083613
6.6781635,-0.09039133
5.3961554,6.91002
11.197009,0.5171108
5.678742,-0.036646053
7.2533946,-0.79367936
5.797252,-1.2480679
5.988237,-4.9819303
7.947843,-1.16044
6.3414407,-0.73178095
6.47351,1.8166476
6.634832,2.1957066
3.9885454,0.47252917
3.688702,-2.1158288
8.159836,0.5708554
7.8004313,0.64124864
7.5269723,0.39335722
6.2764955,-5.0291657
8.180388,-0.054814234
4.9238415,-0.50777715
7.8934097,0.6636026
5.5528517,5.4861927
5.7986474,5.3277473
7.7287545,-4.0307455
12.128857,1.3357178
6.997904,-3.4172862
5.450457,6.859138
6.880667,2.1278117
12.131201,1.5636141
7.926616,-0.8600156
5.0908365,1.3145903
6.3894396,-5.0304427
5.8976517,1.3063366
7.3741307,1.0372443
4.831419,1.1399777
7.215169,-0.05189085
4.9299016,1.0839915
4.8601823,-0.3474692
8.061585,1.1056641
5.26413,-4.521852
5.3923316,5.8286285
12.968012,1.6508906
5.567511,-0.22884879
12.407034,1.7269982
6.706692,1.9080113
8.333487,2.6792803
5.9281473,2.172129
6.246438,1.1150879
10.730707,0.5793464
9.27325,-0.40867662
6.2521653,-0.9460777
5.2184453,-0.34192023
9.292482,1.3932192
8.041804,0.96878564
8.914532,-1.4486363
11.574426,1.7397919
6.5420375,-4.133166
4.417675,0.12635744
6.13872,2.8042924
7.9665995,2.0782518
6.7274704,0.55945283
13.458236,0.9174792
4.760756,4.879647
3.52138,-1.9636585
5.1489058,1.9736233
5.4587355,5.165039
7.249414,-3.309131
7.834127,0.44820806
6.976075,-2.5099287
6.4182878,3.9894357
7.1298513,-4.702267
12.058936,0.8033473
5.1364207,0.14967366
9.43655,-1.566054
13.074766,1.1211617
4.017369,-0.05768882
7.2875843,2.5987957
6.1152954,0.1723899
5.953582,1.8809314
8.500099,-1.2729754
8.170992,-0.014236221
6.2233834,0.015802046
8.834963,0.32810006
6.1764574,4.418355
7.2304497,0.19863021
6.8333755,-1.1359248
5.6376057,-4.29716
7.6730394,0.34983307
6.7599688,-5.301792
8.490499,1.1082795
4.1279907,0.20212524
8.388431,1.1013385
6.180512,2.2650933
6.5967817,-0.3509777
8.601997,0.5231932
12.513483,1.4757746
6.9246883,-1.3055584
6.86232,-1.911825
11.210049,1.1193424
6.301076,-1.1547234
5.884699,-1.3573033
6.2068276,-3.3475423
6.1635733,2.0675974
6.0336213,-3.2756135
12.867331,1.9462291
13.506609,0.8952233
7.4283347,1.9281354
7.332094,0.16769297
4.8308315,6.3978257
8.379033,-0.16011755
7.6164327,-0.9667887
6.727722,1.2207135
5.996263,-0.82614326
11.758294,0.30141973
6.1860204,0.2820235
13.641473,1.0045348
7.1517873,2.356783
5.0201592,0.44656247
5.3068085,-0.77311105
6.7777224,-4.7102866
5.5764384,0.5362749
5.7483573,6.162446
4.9233017,4.661911
10.082482,-0.17536497
6.4259396,0.07447433
11.822636,0.23471607
8.751444,2.8394594
5.6985164,0.60515887
6.3219256,-1.4741466
8.84495,-1.0037555
7.523675,1.1989068
7.3843136,-4.933433
7.112579,0.7291686
6.20401,-1.0051733
6.6841536,-0.7748279
5.5707884,-4.0394483
4.951383,2.77445
5.0155964,5.2721224
5.730131,-0.31184897
7.3378477,-3.8413734
5.537558,7.1045823
5.014898,-1.5112275
6.078254,-4.23855
11.036962,0.8173442
7.6599646,-1.7075211
3.8039613,-2.1022298
5.027104,-1.1997392
4.945636,4.7738447
8.6052685,2.4968123
4.3404293,0.96430045
8.719162,0.43660817
5.385766,2.5658734
4.798073,-0.23347814
7.4462624,-4.896453
4.9996214,5.5221786
7.662937,-0.2615365
7.037796,1.726963
6.313396,1.4797368
3.7847202,1.7023475
7.0649166,-0.36176166
10.851022,0.39337283
6.6097274,0.07017952
6.8682165,-0.05421999
5.9636846,4.2819343
6.6906424,2.3535316
8.483765,2.3435512
10.373581,0.81313497
7.6965084,-4.4929376
7.1464415,0.30303016
5.997849,-4.653136
12.933006,1.3846431
5.0800176,1.0049758
12.03584,0.62414837
6.7412963,-4.941921
7.930862,-3.871323
8.32911,1.9933695
5.6245346,2.7082896
6.2217054,-1.7667811
5.427017,0.519091
4.755531,5.5387464
6.812791,-3.4832306
6.060734,1.4269747
7.217598,-0.44194737
12.987924,-0.0533046
8.016406,-4.46867
6.0947585,2.6063023
8.199907,0.91737455
6.8582687,2.0918665
6.3425546,-0.3111442
8.056128,-1.2877426
7.1529593,-5.0668344
11.988645,0.82106185
6.9881015,-1.3571784
13.06502,1.3860685
7.505173,2.3747118
7.71862,-0.710209
12.448574,0.62701917
3.9948988,0.39633545
7.0966816,1.2621845
4.987972,1.5977591
5.3543315,4.697857
9.62608,0.2831434
5.706745,-4.1252556
5.339023,4.026977
4.2160506,0.10428884
8.393576,1.4070088
4.9977946,2.281901
6.8295054,-2.1162612
8.686853,-0.16985473
6.375584,1.9502106
5.84911,-3.6691024
8.333764,-1.2220662
6.8379917,2.5022438
4.0390863,2.127134
7.902787,0.40164804
5.1210694,4.9637127
3.190168,0.5638876
9.0563,2.3741333
9.038996,1.2668993
7.915044,1.729399
11.895071,1.6141936
7.910214,-1.0206888
5.781174,1.3405105
8.218953,1.6825497
4.575571,1.9358044
7.402752,1.248822
6.6693006,-4.7123733
9.96373,-0.55054075
6.2196126,1.0762899
12.998339,1.6382284
4.265985,-1.8244907
7.291785,-1.268998
6.81941,-0.32742435
4.9936066,5.246069
12.251492,1.9070868
8.846717,0.23049705
5.463403,-0.21494694
6.4735117,-3.2259607
6.24163,1.7173612
6.966684,-0.0043415036
7.3101125,-0.8524374
4.4002485,-1.5985333
6.157428,0.18709128
6.5571218,-3.7657082
8.871742,-0.1411664
6.1299477,4.7566338
5.691241,-3.721475
5.654488,-4.424562
8.375481,2.820776
6.9690366,-3.67064
8.403991,1.4751441
6.284514,0.2007159
7.655455,-3.168928
5.080247,6.7379746
6.6724157,3.683944
6.800032,0.70516264
8.780126,1.8582436
4.960255,0.4900469
13.3207,1.1449323
6.0317974,0.58363765
8.564922,0.18240066
10.260972,0.23725688
6.4624767,-3.9788787
6.3527794,4.5276427
7.2810163,-4.7693233
6.916263,-5.4904613
6.7725396,-2.2250874
6.772968,0.5896495
7.312504,-1.216148
7.3078976,2.6141515
6.934163,-5.306496
4.352011,0.45952487
6.3580427,1.9751465
3.994858,-1.9441266
7.797581,0.936425
7.1933193,-0.014244531
4.2920475,0.66440046
5.11883,-0.501904
5.4209943,0.88764435
6.1651964,0.32752985
8.871481,-0.053107217
7.9927707,2.6328442
5.586429,-3.286031
7.065038,2.2713156
3.4772801,-1.0740492
7.9091563,-4.707189
7.9551377,-3.6015112
6.7303195,1.8788469
12.248598,1.5834277
5.09374,5.109368
4.1981263,1.2433256
5.0928593,-1.2274438
7.2240644,0.6152321
12.794884,0.27120718
8.980566,-0.39744103
12.464734,1.3091452
3.9166899,-0.21583848
7.622486,1.3592727
10.879398,0.8322488
5.0314093,0.3554456
7.798334,-1.1152983
13.167511,0.37141275
13.131756,0.78175044
7.592904,3.1483
6.4193497,-0.9960338
7.6456943,-0.7934727
4.8356657,4.958717
5.5509467,-5.0958877
5.7512403,1.8402032
6.485074,4.4227433
8.463036,2.0556831
6.984787,0.39117065
7.1809454,0.5564395
6.1511188,1.4933113
7.802981,-0.5209283
8.25285,0.31938696
4.6643977,-0.6398826
11.490705,0.5949738
4.897025,6.1278214
5.038905,-0.057036694
4.268142,1.5030468
5.277978,0.7013248
9.048815,-0.18001994
5.542721,-0.10749794
5.9557195,-0.9326832
11.981857,1.0443642
5.922948,-1.0630414
8.333232,2.1405466
8.206415,2.206919
4.902713,5.6499395
6.292125,2.2349703
12.634654,1.1655908
4.635666,1.1903666
11.15302,0.5340479
13.314119,0.46698266
7.0085154,0.9023862
8.911039,0.8094721
5.7827134,5.9245677
4.8552194,4.7968183
5.253508,2.7183926
11.512342,0.41598523
6.491138,0.76909006
7.379148,-4.973779
9.142736,0.36417904
6.3914022,-4.6084857
5.691494,0.32737407
7.8182106,1.1830016
7.830785,3.0886009
6.9223037,-5.04758
4.229183,1.3774241
7.0839033,-0.59337854
9.105189,-0.8422052
5.471466,1.015255
11.421736,0.4982904
4.534005,0.439877
9.103843,1.4923506
6.445894,-2.7755973
5.520896,-1.2516702
7.523538,2.9213984
6.7536025,0.17690879
8.378921,0.9231706
7.36756,2.6788907
5.364446,0.7189437
8.247413,0.9012255
8.659657,0.37053803
8.181328,2.0984335
5.508205,4.725571
3.6489599,-2.0218718
4.7173696,-1.1650559
6.514947,-5.2334414
7.623745,2.1887214
5.076415,-0.7764103
6.801596,-1.8518186
4.8205476,-0.018143445
8.107121,2.842139
7.418195,-3.7722793
12.361522,1.1022894
6.9907923,-3.7847333
8.480679,-1.0314294
7.4516177,-0.38505366
7.6726656,1.1432649
8.369065,0.8949252
11.317591,1.3827319
7.570194,-4.629348
8.01033,-0.5030242
12.670167,-0.024428211
7.113717,1.3916003
7.901544,0.32296783
5.842732,-4.664874
7.1953444,0.38841775
7.007494,-3.9007907
9.367693,1.1496053
11.935907,0.8820499
7.5513115,-1.3292081
11.975594,0.40986696
13.155288,0.60940796
5.945806,1.3907695
6.9953036,2.0214581
6.0167847,-3.172711
6.839456,-1.2561008
7.713482,-1.745064
9.032664,1.6040962
12.953744,0.55549586
6.322344,-2.8106987
6.1950717,-1.3684554
8.548155,-1.0976797
5.153094,2.7208478
7.9284754,-0.09479208
7.1374946,2.973909
6.885122,2.4646246
7.018172,0.47382024
4.512185,0.8302648
6.609774,-0.11064732
8.402348,2.068209
6.3048515,1.4260826
12.648977,1.4295365
6.076399,-4.9362626
8.178049,-0.57230556
5.929337,2.1815684
8.453146,0.32268956
5.7106967,2.8592732
13.039168,0.77056366
4.795568,-0.35495153
8.128385,2.1174026
12.223999,0.7327353
9.279646,1.1417427
3.9954164,-1.3382472
6.2699366,1.2387778
11.573219,0.9199293
7.418367,0.5515218
5.0052867,0.31774956
4.9474497,1.2111809
7.534315,-4.8391013
7.770327,2.1153345
4.96077,-0.3781261
6.65757,-4.299243
6.4526043,-3.672609
7.7107635,-4.466014
7.947511,2.178154
7.010308,-4.7029476
12.818974,1.3131622
7.8481016,2.943009
5.525774,-4.273659
12.7801895,1.1970938
8.133413,1.1583991
8.865384,1.3069433
6.7742157,1.7355539
7.5568957,1.5470427
5.583508,2.954793
6.80747,-3.3131084
4.7346973,-1.3951584
12.4952345,1.9508259
5.791875,2.229891
7.7882643,0.5703703
5.695421,-3.607192
7.8568406,0.33516526
6.256038,-4.3541303
7.5687356,1.5150493
6.6489563,2.9649882
7.642392,0.33420256
5.7465544,-0.8410049
6.693799,-0.15044343
6.951609,-4.048608
7.1931276,1.2446175
5.799786,0.82724464
7.455938,-1.0690448
12.341977,1.5924959
5.878182,3.4107113
5.5877233,2.1168628
4.4437666,-1.144495
5.7939787,-0.20114027
8.468459,1.4853421
3.8710265,-1.7944059
13.522906,1.5948585
7.9928517,-0.17198229
4.4266033,-0.22159855
7.238036,-0.22717714
6.243878,-0.64843667
6.422911,-4.301136
13.558426,0.5706564
6.410534,0.16022988
6.8879867,2.7195466
6.198916,0.9781776
11.551679,0.8345508
6.7410436,1.381401
6.8754363,-0.033666015
4.906706,0.45486575
9.571755,0.4481613
5.1753078,5.8325233
5.5822825,-3.593957
6.2263803,0.70420355
5.2447243,0.7091562
6.1248493,6.345195
7.428552,-0.3315056
3.2274997,1.0653875
7.574298,0.21418022
4.9316235,1.9308774
6.630763,0.75856745
5.675445,-1.4755243
6.9503627,-0.38577038
12.812544,1.9212054
6.3144975,1.7901574
4.706665,1.7380004
7.6517797,-1.6578015
6.114067,4.719681
7.6944733,-4.0650225
8.2053385,-1.4296635
6.875563,-1.7847022
12.846327,1.9124246
5.4243245,-1.2129251
5.859023,1.5837439
5.8534307,0.7229991
8.585547,1.3794352
7.1441975,2.0418909
8.068858,1.1550752
6.7367187,1.2660378
7.420887,-1.8532865
7.6116447,2.0002174
8.072526,0.100653134
6.7012024,0.21714461
7.6978726,-3.538576
6.913108,-0.5627776
6.726984,-5.122838
8.41877,-1.4049
9.00085,-0.5745586
12.311133,-0.018529413
12.069717,0.84977317
6.7363987,2.8399787
3.6815712,-0.5375227
5.524404,-0.9228404
6.2517343,0.71512854
7.9287176,2.4017985
8.851987,-0.8862855
6.7999616,-1.2934637
7.7987304,-0.084647596
13.268499,1.3064294
5.331622,5.0520673
7.714293,1.1840165
8.20563,-1.5919895
9.037726,-0.7410505
5.8103843,-3.8777688
7.857347,-0.770888
8.958617,0.38632444
11.867135,1.5181009
6.922699,-4.952328
6.167962,-3.628097
6.253284,-4.02007
12.742061,-0.10456696
6.4907093,-1.9984666
8.079406,1.2596534
6.5450206,2.5766156
4.3610396,1.479781
11.163272,1.2502354
7.1304784,-3.4342573
8.622944,1.0605214
6.3553023,-0.41973457
7.6443067,-1.1576098
6.775043,-1.4266758
6.2306976,-3.2127304
8.877405,0.994911
5.758796,1.9208001
8.957157,-0.366334
11.662572,0.819094
4.653839,-0.20304412
11.541924,1.0522274
6.8882613,3.5097997
6.7914805,2.4989023
7.373772,1.9716184
7.183111,-0.34450066
8.384289,-0.16828215
6.999319,0.31955418
7.1344624,2.9964442
7.826388,-0.501479
3.8465402,-0.12738954
7.845177,0.8563442
6.887122,2.7822607
4.127572,-2.2513459
4.8864017,0.06145113
5.366365,-4.9057255
12.35538,1.1305836
6.6497197,-1.291496
5.9229608,-2.447141
7.7880516,-4.235763
9.031823,0.8314395
6.677574,-0.23144302
8.919724,2.405958
12.852634,1.1678807
9.16117,-0.382776
8.40279,2.7107055
9.200062,1.0635276
11.912937,1.2260703
6.1164365,-3.3219006
12.005018,1.1049416
8.6844225,0.6078349
7.119308,-5.261442
8.1904745,1.3996975
6.790556,2.2339873
6.0348926,1.9579383
4.6876364,6.1576295
6.9175973,0.687784
4.4361115,-0.45359156
13.151422,1.3989887
8.724959,1.6308131
6.087703,0.9689185
5.4449363,0.04289955
6.646436,-3.394649
3.6764617,-1.2442429
11.476677,-0.2556825
7.9064994,-1.5183738
8.591559,0.5574583
4.3918395,0.21135151
7.1830845,-0.11184164
5.7987385,3.3820126
13.266124,1.2073077
3.3246777,-1.878566
4.3033457,0.82879794
6.124669,0.9518442
8.898571,-0.75542295
6.3973403,-4.127129
8.335411,0.1732765
12.616303,0.8079828
5.239851,0.8427051
8.770585,0.71500534
8.0934305,-0.42897385
5.560642,7.2705383
5.838163,-5.2244797
11.767407,0.28827342
6.2333183,-1.0312084
4.653084,1.6183797
4.5237904,-0.7028345
3.8760595,-0.46612272
6.4248886,-2.6095212
7.102035,-3.4424224
9.045652,0.79691154
9.366118,1.1253092
5.2225184,-0.9022771
7.1280327,0.34484887
8.432309,0.6093886
6.9824767,1.7104717
9.37726,-0.19728081
4.370834,-1.6755896
10.564075,0.09136875
5.873411,-4.770635
6.3652,2.9931107
3.078233,0.79491603
7.664986,0.7663666
7.520717,-2.662257
6.3871593,-5.1714783
5.464809,-3.6948056
8.240853,2.8916934
5.946066,-0.7229477
9.639567,1.5057436
6.5479193,-0.5646314
5.717254,0.87715584
7.321537,-2.8610291
13.484858,1.3496364
4.156166,1.8943615
6.3164477,1.6030431
6.916065,-4.77194
6.9635034,-1.0887388
11.303059,0.26166067
5.117076,1.0178242
5.030171,0.6783228
7.4963436,-1.9533991
4.496452,1.320288
7.305462,2.3189433
7.5698686,-3.804329
8.498995,1.6166135
7.5215225,-2.7558153
7.8927846,-3.4577951
4.100433,-0.025581338
5.405352,2.974797
12.316127,0.009644592
7.599486,-0.086662054
8.771871,-0.81781614
8.304042,-0.7136204
5.560736,1.0215383
5.358767,7.082123
7.7495375,-3.7196436
5.7952323,0.1693844
7.430227,-3.5213246
5.8657904,-0.11754077
6.292355,1.0822718
7.4250045,1.4653893
4.6966763,-0.8106745
8.017257,-4.107769
8.040996,1.6671534
5.9166656,6.027567
5.3649917,4.16958
9.114816,0.48868796
3.6384442,-1.1406941
5.108206,0.7582217
7.467831,-3.0799625
6.466417,2.4209049
7.1810665,2.4175549
7.6703978,0.79262024
7.950434,-0.76633114
9.338926,0.44358122
5.3076653,-0.39581537
7.0735207,-0.2967348
6.1225376,-0.6810929
8.377381,0.46703368
12.867323,0.31557938
6.7469997,3.3167708
8.536248,-0.4629838
11.96181,0.087302715
6.515242,3.1719606
6.471201,1.3956218
7.682357,-4.415951
7.821323,1.1026113
7.772423,-3.5433009
12.755905,1.1073688
6.6638455,0.54131263
4.786472,0.6861715
6.262739,5.03526
5.3675413,0.690772
8.386239,1.2249379
7.855692,-0.109147124
6.9489226,2.4739335
11.779188,0.5639994
7.67173,-0.5760598
3.4298992,-1.8026916
6.53959,-4.5189433
5.8469863,1.2565492
12.218913,1.0874596
12.482374,0.74090123
7.406042,-5.1285157
4.538662,0.05967912
5.6991744,6.4178834
5.692598,-4.5713816
5.870321,1.8740475
6.9956527,0.4021119
6.3602524,-4.697142
6.393232,-4.2022943
8.845431,1.3693824
7.064932,-3.7981112
8.666205,0.1900053
10.516951,-0.29019353
5.417365,0.23706551
9.080407,-0.8145568
6.8877726,1.9231899
8.872081,1.9766634
5.5865784,0.68634766
7.992241,1.840792
5.8241506,7.0364776
6.1594515,-4.1791573
7.426998,0.82575434
5.607024,-1.264064
7.0448093,-3.920642
5.0485697,0.023231678
7.75143,1.1005267
6.1662645,-4.343341
8.680681,-1.125196
7.694333,1.9286429
4.2130427,-0.28919327
11.452313,1.5185406
5.89856,-0.7650857
6.3665147,-0.2796592
7.9133105,0.8846397
7.829129,2.1032875
5.3312626,-1.4277252
12.105903,0.26018625
5.3076925,5.289346
7.0303173,-4.4057937
8.439122,-0.5548837
5.75672,2.2079816
4.4521713,1.7748308
6.944177,0.7864616
6.515682,-2.0044055
7.5783195,0.8724033
5.8901253,-0.18077917
4.919934,6.0740647
5.85116,-3.5062327
8.974582,0.5254534
5.820302,6.8507853
12.45275,0.29898095
5.827531,6.189536
5.7537427,-3.95645
12.267182,0.46138668
9.251719,0.27856982
3.81697,0.04419954
5.41152,-0.067055754
4.4328876,1.2989365
6.9961767,2.478365
7.2356977,-0.6475004
5.581691,2.674369
5.623501,4.727963
8.105895,0.48484877
13.417411,1.0493057
12.938312,0.9016198
7.5808086,2.5592866
11.52145,0.84105915
12.708869,0.09355845
3.6301014,-1.075089
8.0757065,-0.05982964
6.6458273,1.1854085
4.157769,0.76559466
6.1553187,4.761501
5.8947387,-3.748894
6.248406,3.5660493
7.180632,1.9161223
5.8501544,6.6670885
7.83839,1.106964
6.483334,1.0267898
7.969769,0.027612146
12.204831,-0.16225708
6.951598,-0.100535035
7.9325147,-0.4479181
6.3241467,-1.2004402
6.1279883,3.058163
3.938993,0.14518179
12.591236,0.0412669
5.309055,-0.52326757
6.062,1.3082987
7.4923935,1.7370801
5.2873826,-0.9773522
5.8895936,0.6111712
6.1764627,2.2934084
6.4307523,-0.7608446
13.305847,0.7998136
3.3890736,0.74421245
5.912139,-1.8581401
5.1361566,2.02772
6.0197926,5.2749906
8.248002,1.0257308
12.483439,1.8543693
5.0637984,-2.3338907
7.235531,0.8346013
4.882673,0.641683
5.45767,4.4555116
5.0911055,0.7266495
7.226438,-1.1194508
8.118018,1.7142555
8.096961,-2.0344403
5.417315,0.057840433
8.384105,1.3317759
7.0536833,-0.058217485
13.235337,1.0058472
4.7040195,-1.4619467
8.619512,-0.44300002
7.158086,-4.274547
6.3810835,1.8622884
12.424613,1.6442251
11.498765,0.3691513
6.206945,-0.58872664
6.2976246,0.14467168
8.217414,0.23204583
9.268142,0.10422262
6.4312425,0.8111212
7.413651,0.9580613
6.285663,2.4194317
13.6356325,1.5304158
7.7007155,0.43795696
5.215453,6.349075
6.250903,2.1307986
5.8661385,-3.482484
3.9696684,0.62454325
6.350924,2.2711484
12.048698,1.4655925
8.982328,-0.48836383
3.9224672,1.4428339
5.134769,4.8640947
5.83803,-4.398982
6.9201646,-1.298828
4.5867157,0.025770513
7.7411547,-4.4297547
11.616403,0.7246738
7.4653106,-1.3979702
12.82902,0.20927313
8.815197,-0.8609241
9.112524,1.3632174
5.6790385,0.71918124
7.313503,1.5200028
5.2011104,5.8828893
7.715004,2.3754754
6.4709344,-4.872255
5.2238555,0.16952357
6.97582,2.2020328
7.9523997,-2.5160873
7.4174294,-3.5400064
4.82384,1.3382691
8.350007,-1.7264897
5.522122,1.8405992
7.776574,0.39493492
9.775595,1.0851699
7.0236726,-2.9011548
6.3368692,2.6026785
8.327174,-0.5359402
6.6565213,4.0748243
5.7704926,-4.6782694
6.391933,0.6363773
8.311148,0.93943024
6.216556,1.95842
6.1071644,5.1103344
6.2866282,-1.8485696
5.968335,6.604821
6.9054074,3.795911
4.002284,0.9251674
7.036464,1.423677
6.003055,-5.0448904
5.42039,6.9721518
11.97675,0.9473737
5.216531,1.4283923
6.4333735,0.92581046
4.798978,1.4717808
5.1509466,-0.34985706
6.509786,2.8893888
7.863691,-4.106961
6.7402983,-4.036894
5.537789,0.57856154
7.0013537,-4.800359
5.6163235,5.293553
7.564679,-0.9930113
5.4670362,4.5077024
5.951568,1.5804769
12.14544,0.36498937
6.4366918,1.9363579
7.558788,-3.8925858
7.9219427,-0.88833326
5.2713485,0.0665693
8.4888315,1.0302863
6.6529365,1.4632784
6.4270554,-1.7800437
7.684996,-4.330444
12.624202,0.5984131
12.339418,1.3927654
5.538635,-0.21218288
6.6147714,1.7802655
5.581574,0.8475248
12.113191,1.5683812
8.227826,-0.722436
6.2582965,-2.7091823
7.9959836,2.6928427
8.362571,-0.015696142
5.534939,4.5098467
5.9787607,6.5646567
12.475899,1.2155197
6.3483257,2.4225175
8.789176,1.2016194
7.6624413,2.7588453
6.708001,-1.8120927
3.2016077,-1.5722966
8.116097,2.7679768
3.824655,-1.4052637
7.6892357,1.3606899
11.769227,0.6933404
5.1896315,5.1624756
6.680155,-2.3864024
8.615855,1.3675054
7.2279034,-2.2593606
7.7452316,0.4854935
4.1899614,0.95702785
6.6555114,-0.2931159
5.0573997,-0.69198805
5.441759,4.3870316
12.151193,0.738274
5.195014,5.1375556
5.4176593,-0.21530046
8.55182,-0.021735178
7.4110775,-4.8404946
5.461148,-0.27370122
4.912705,1.615645
12.29723,0.6127774
7.687365,-0.44878337
7.2787266,2.7642758
6.4256997,-3.935031
6.064142,-3.821111
5.3140364,1.9246236
6.05134,-1.028224
7.5654225,-1.2992681
5.5695105,-0.8748951
6.112883,-4.1979547
4.7817197,0.048313044
5.1589866,1.2063317
5.7622037,2.2156494
6.0925117,-0.36323193
3.4973614,-1.7424169
8.113799,-1.0803155
8.783231,0.30690408
12.043966,0.8082983
8.481042,0.06083356
12.51286,0.051458426
9.05036,-0.48948938
7.409259,2.1494145
6.36298,-4.1213684
8.841933,-1.1815141
5.7462754,-0.8889027
5.747444,-0.7148272
7.0864944,-4.9300013
4.301655,-1.4688368
8.085715,2.8360138
6.7651906,-2.067795
8.37913,-0.64320207
4.240861,-0.29494545
8.583143,-0.27096024
9.117069,0.24514909
4.584445,0.00623376
13.080711,1.3607136
5.675601,0.832892
9.2474575,-0.47836286
5.728556,-0.3527994
5.883775,-0.3283185
8.583234,-0.68801063
12.357312,1.6521716
5.8876204,0.17544945
6.3622675,-0.47054663
4.9393687,4.855989
7.2379875,0.1904959
4.9576974,-0.61541563
10.705315,0.5505833
5.5533485,7.1496964
5.8841743,-1.2593769
8.648436,0.18189041
3.565291,0.7262146
6.1730957,-0.08228072
8.3750515,0.6192028
7.6759095,0.33088088
6.495868,-3.5714896
7.8665094,-1.755391
11.727352,1.4415603
8.40077,1.8304286
3.6726758,0.6017224
7.4019394,1.1895365
11.760745,0.72062933
4.7688046,1.198199
5.707056,4.9859657
8.721943,-1.3434705
3.6029906,1.0736862
7.188368,2.68487
7.2684636,0.9992724
7.546971,-1.8694191
12.691999,-0.019369481
7.992439,-3.2189417
8.206052,1.4664592
7.7456274,-3.9031792
5.6625156,-3.7931788
11.445364,0.8996672
7.397215,-1.6253864
5.763287,-3.8764544
5.7245154,6.180799
6.647013,2.8822796
6.8652935,-3.6633124
3.9710176,-1.0774008
5.3905935,-0.87186307
5.8294,4.7230506
12.342423,0.7830433
6.9205313,0.83276886
7.0633097,0.74521446
11.535814,0.0023091212
6.9022346,-4.0237
5.3238006,-0.9165667
7.3856773,2.8141172
7.681952,0.40736645
3.6081848,-1.799571
7.119059,-0.18448547
7.590332,-1.3588762
4.4608083,0.6588304
5.6443563,0.6109259
5.8462214,4.825704
8.385885,0.97474015
13.309563,1.5140737
11.135018,1.1626995
8.169164,2.6636136
6.122702,-5.019661
6.5312877,2.6062367
13.460726,1.6557091
6.2136,-1.9289083
5.6602774,0.27458477
5.48426,-1.8178594
7.128375,-5.286119
5.4336257,2.6669745
8.497433,0.20545965
11.547899,1.2332524
8.2525625,0.023505876
5.278227,2.5474215
5.1409726,5.926155
4.9873557,4.8241057
5.458904,7.380807
5.5246925,1.7902924
8.615694,0.14994624
6.8161035,-5.0693216
8.05767,-2.4403725
5.692932,-0.8050016
4.7133675,1.3496782
8.304468,0.83195096
8.47434,-1.0289015
4.793689,-0.20124847
8.404494,0.3146955
6.000199,6.4951763
6.4619555,0.087341994
8.434449,1.1442741
6.577673,1.2315679
5.327881,5.7791657
12.909581,0.72508657
5.4436064,-1.8294008
6.076735,0.09726159
7.311718,-1.705591
13.101604,0.9472918
7.9198446,0.65617496
5.834102,-0.07084474
7.890266,2.430534
5.0481715,2.1563551
7.84609,1.6198194
6.138029,-3.707704
8.439131,0.3681725
8.971103,0.99222594
10.600632,-0.031705447
12.888212,0.4828383
6.0943346,-0.7512161
6.0358205,1.6211795
6.502015,1.7063547
6.713481,0.9118543
8.803182,1.7969873
6.977844,0.92754364
3.3704112,-2.0732272
9.145776,-0.44443426
7.268157,3.154801
6.390593,-1.5027578
7.645294,1.3547558
3.881234,1.1904978
5.9071918,5.1279902
6.5263906,-1.0620714
7.7286544,-0.60012764
4.136254,-1.780007
6.432798,-2.8503957
7.8996997,1.5402622
3.4969213,-1.566146
7.523973,-3.5118504
11.45947,0.06442789
5.9113207,-4.3281574
6.6997275,-4.2727275
8.862018,1.6704997
7.9871044,0.8357727
7.1044416,-1.2060634
4.983711,3.5381389
8.936752,0.21023649
7.1457205,-4.3402457
7.122068,1.5348424
7.087693,-1.4606194
5.072275,3.052977
6.2744656,0.44162643
7.3089595,-4.645615
7.6404705,-0.6390554
5.7911057,-1.1969715
11.476852,0.52185607
8.387659,1.3638661
11.727822,1.421756
6.794913,2.3744674
8.656223,-1.4434313
5.8781633,1.4290226
4.1830597,0.48010328
7.090922,-3.8765035
5.6533,1.1241938
7.1429405,-4.0125737
12.5814905,0.84156245
4.3501377,1.5830684
8.791111,0.40895683
6.195355,-0.24461624
12.804287,1.0101775
5.51113,5.557602
7.426812,-0.5431717
12.494328,0.3783083
3.6502671,0.32122803
5.840644,1.7691113
6.180203,0.94139004
7.2929816,-1.5248383
8.187978,2.9038484
4.798217,0.47721976
6.998641,0.95055073
6.925899,-3.9989953
7.908242,-0.03576635
4.8576584,-0.98170584
5.3037176,-1.348311
8.750391,1.2673861
8.409664,1.5398082
6.89622,1.5452029
6.7865176,-1.0049186
12.125379,1.9628962
8.014466,0.7031466
5.496452,0.92712444
6.6299376,-0.42781103
7.9330926,0.4658845
6.9865985,2.4930346
5.079559,-1.1675074
7.5493784,-0.27609685
7.8361826,-1.2188802
5.7452316,2.134519
12.222034,1.144062
8.487451,1.5236641
7.9842706,-0.43006927
13.191311,0.9665106
7.096982,0.6184198
4.2831626,-1.4901574
5.318731,-3.6988611
5.456213,0.383062
6.458519,4.2242107
7.2058578,2.4517567
7.7248287,-0.6711648
8.903775,-1.0995654
6.4488454,0.47698697
8.078283,-1.5699147
6.643616,-0.3380336
5.130648,5.6831465
8.217981,-1.0624909
7.76494,-4.297746
5.49978,2.4785664
3.5175266,0.11161907
7.094425,-4.723101
5.795643,4.126068
12.788079,0.71035403
11.349909,0.23286377
4.565637,1.1717812
6.2195544,1.3814932
9.460695,-0.32478443
8.967395,1.5162178
5.386558,2.597484
8.919894,2.3344548
6.1706424,-1.587739
7.506343,-4.324261
4.829676,1.6635113
6.8932686,3.0976746
5.448826,2.1922817
7.0168242,0.15940246
5.9713883,-1.9382352
10.206339,0.18650295
5.2177534,0.1490911
7.278472,-4.36966
7.845838,-0.15085177
7.343801,0.8001539
8.136071,2.1217554
7.350169,1.1284753
8.50958,2.3020015
6.7455177,-0.45090643
7.029943,1.6948982
5.711817,1.2278688
6.41268,-4.222616
4.915597,0.9106796
11.779221,1.226925
6.375726,0.2965301
8.435614,-1.6971079
12.442909,1.2747873
6.221592,-1.0224428
5.5716004,6.7646613
4.1728697,1.5109308
6.164802,4.39289
9.59855,0.78418237
6.716032,-4.474424
8.684986,0.052170396
8.782254,2.7918255
5.174811,0.4182408
6.9281464,2.2856493
7.0402436,-0.99280816
8.057787,1.5205427
4.6505594,1.0255438
11.249244,-0.005089315
4.3898153,1.4248061
6.556865,-0.47805423
8.636388,-0.08015305
6.719526,0.5951265
6.532038,2.430257
8.36589,0.68050635
5.7830133,-0.013220566
12.962556,1.185471
7.116616,-3.9337194
7.9773083,2.0378783
6.8022842,1.7741154
7.3377066,-3.463387
6.6347017,4.4609976
7.870825,2.598854
8.09566,-1.5503582
7.104536,0.49374342
4.5366244,-0.54284644
5.35247,2.0601964
5.223718,-0.09141443
7.2927036,0.44309425
5.6400895,-4.4188924
5.5875363,-3.5699596
5.4874783,4.4897075
8.431735,1.62274
5.484349,5.041633
7.2159266,0.12509409
11.3019285,0.26003233
6.218016,-0.41630617
9.665586,-0.24670678
4.178896,-0.5692777
8.958833,2.0325637
6.102423,-0.9585113
7.9384017,1.0401632
7.274367,2.6442404
3.6126616,0.984094
5.849057,-1.0101213
8.456291,-1.6530392
7.4004564,2.1730454
6.8073893,1.9586438
8.029473,0.868192
8.464706,0.23517291
5.695026,-0.9795403
6.977891,-3.7090201
12.018041,0.69869256
7.7004304,-4.1753817
7.298318,1.3201618
10.945678,0.907019
4.904739,1.0838492
10.782128,0.119954236
9.243911,0.010659574
6.2357383,1.7732012
8.229092,1.774691
7.512219,-4.7642937
7.1329117,2.6504264
4.058636,0.6918401
5.5701637,4.6515665
4.057993,0.2579761
3.797538,-1.5579515
6.9327555,1.7210068
7.880959,2.5012984
6.095038,-3.7857172
5.7230186,0.6098821
8.889952,2.067875
8.631251,-1.0046085
9.792472,0.60252845
8.821868,-1.1836004
6.511554,-4.8947244
6.7305217,0.62447476
4.720341,0.53238887
7.613552,0.015774105
7.364652,-3.9306822
5.1307125,6.449437
6.3129144,-3.6193252
7.5108366,-3.9197538
9.36751,0.46570867
5.843366,0.2657787
7.214182,-3.6248176
7.7930307,-0.015526941
7.4832993,0.65612406
5.959525,1.6727121
4.303668,1.7755041
5.864693,-0.81774586
12.4275675,0.2025634
4.968056,-0.21016273
12.302287,0.07553242
12.731252,1.4124557
6.7423954,0.3118802
6.698589,-3.7857404
8.783174,-1.3991688
4.8948436,-0.74273384
6.5027194,-3.1039264
6.868097,1.313539
8.518951,2.2737896
7.6383944,1.6575567
6.370812,-0.33921945
7.421758,-1.1807365
8.57346,-1.0944666
7.330992,1.7749871
4.345557,-0.8486729
5.7737527,2.3636918
5.4918847,1.7423793
4.8375387,2.0207188
7.817003,0.8532331
8.505326,0.66647655
5.79573,2.3343797
12.852377,0.043370575
3.7338178,-2.0453076
6.4580717,1.8149066
5.6348367,3.6755056
6.955242,0.6881679
6.423977,-4.689177
8.402984,-0.54980415
5.1380644,-1.6133062
6.932898,1.0758607
6.584246,1.5026829
5.392821,3.932952
8.095508,-1.2084001
3.8596835,1.8155609
4.2388873,1.0266752
7.8706408,-0.5445137
5.6724916,6.50744
6.211387,-2.4841022
4.562138,-0.46373573
7.117934,-0.014178451
8.641047,-1.6323614
8.277702,-0.6529693
5.967138,1.4600043
7.3883934,-5.200125
8.374646,-0.063870184
6.05629,-1.3782972
7.4804897,1.6171424
4.8193994,2.1986597
6.91644,-3.860504
7.169739,-3.560985
5.826519,1.1268325
7.3448267,-1.0261664
8.241378,-0.27822742
7.5922356,-1.5081553
4.9321365,4.6879497
4.6034927,-0.7795007
7.219278,-2.0099797
6.742939,-4.254192
4.9568167,3.0635424
4.915988,2.4413104
7.679974,-1.129942
6.0359907,-4.3030396
7.0606966,1.2518967
4.3533382,1.8538202
12.369104,1.8490335
4.638927,2.1802227
8.444068,2.173104
11.154856,0.031384706
4.771571,5.464042
8.591793,2.5925426
6.418836,2.2162137
6.0645003,0.02259079
8.364002,-0.7069161
8.341001,1.9686308
8.75901,0.4548132
8.283902,1.6726297
11.804606,0.21231663
5.6515903,-2.7314174
5.0720763,4.978801
4.418367,-1.3775353
5.2856207,5.4051123
7.561756,-4.620144
4.91189,1.8181962
7.769718,1.9246298
8.406501,1.754674
6.553485,1.4905491
8.678677,-0.2735665
8.144339,-1.3208059
4.520321,-0.39110067
6.0623045,2.0878105
5.496585,2.7107618
8.118933,-0.16146757
8.866284,0.95705956
8.059804,2.9940944
5.5885053,0.5388412
11.646511,0.9215921
7.9648156,2.9633186
5.422709,0.30044153
7.5787296,1.9848067
8.416147,0.6610933
13.465244,0.8607923
12.709686,0.85666597
12.644898,1.2628639
7.377519,-1.1192417
8.562945,-1.1494544
5.39622,-4.1948543
9.064595,0.51789355
5.7574205,-4.885474
4.853968,-0.29638633
8.521742,2.4795218
8.119167,1.5680455
5.9350986,-0.4205119
4.230302,0.22265959
5.485222,-4.175837
6.4268975,2.6068413
7.183644,-1.3836374
6.718192,-3.7820587
8.102552,0.11272243
8.055284,0.44049716
9.231445,-0.479358
6.281226,-4.900703
7.982632,-0.8149454
7.46104,2.11834
5.674693,4.4730005
6.551824,2.8843772
11.24396,0.27686745
8.071627,0.50630933
6.8969,-0.49999464
6.1574373,-4.3420386
6.523475,-3.93804
5.7230997,-0.75146806
8.358918,-0.94883233
4.0211,0.61700934
6.81245,0.99687207
7.3473997,2.1242414
8.05444,-1.2583548
6.9697056,2.509582
4.262778,-0.5251106
11.63995,1.455296
5.67485,2.7895894
6.136456,-1.090847
11.644722,0.4397306
6.0171256,3.6590326
7.4531713,0.3973093
4.6846223,1.2511764
7.7926507,2.5010502
6.803174,-0.82089293
6.063773,-3.6020825
11.919968,0.5432404
3.9148364,-0.7525585
5.635176,1.8526645
8.647104,1.2062176
7.762061,-0.70635366
4.575723,2.5910583
8.396443,1.5084004
5.392973,0.28553241
9.7945795,-0.72298765
7.0961404,0.43568373
5.2503915,1.7791028
4.117113,0.31559563
5.1661596,1.3284961
9.516677,0.09127389
12.944575,0.464608
8.221352,-1.0856228
6.274913,-4.925533
9.056204,2.365559
4.7420206,5.683076
13.049623,0.33753866
5.2561274,-0.7326512
9.1092205,1.601086
5.9256883,4.614985
7.504419,1.6911739
5.521723,2.3214524
6.9703736,-1.9710969
12.791952,0.28430462
4.342526,-1.5114248
6.3276267,1.2418715
8.690543,1.2822043
8.561382,-0.0041681663
8.27806,1.9414352
8.09684,-1.0784448
6.58425,-1.4440669
7.0435977,1.5452155
9.050242,0.29175323
12.920322,1.2880706
6.8015013,1.6423565
7.112831,0.23756786
8.22203,-0.28230548
5.3419957,2.1815526
9.003118,-0.6495731
12.103934,1.7155211
4.953339,1.5155816
3.7739546,1.2851202
8.271139,0.042587146
5.8989444,-4.1753516
4.876962,5.353572
11.78234,-0.04285908
7.7164903,0.5651436
7.3323026,1.9047712
11.278922,1.107887
6.960678,-0.9321887
8.460522,-0.16908546
3.3004959,-1.509927
7.362707,1.2984699
4.7113633,-1.7040735
8.436161,-0.09198343
5.6847053,-3.856505
7.8612804,-0.07985753
4.3167567,-1.097529
3.6272273,-1.5508245
7.6698933,-2.0047677
6.047064,0.16111562
5.748498,-3.7920978
7.6008673,0.3559027
12.418852,0.6917252
11.544006,0.0979756
5.5115657,-0.7157875
12.93853,1.4536777
7.450468,1.7749468
3.9847894,-1.6200302
6.8491096,-0.65182346
3.462611,1.127553
6.6173754,-3.279412
5.3054433,-0.9391937
6.0214806,-2.33607
6.950211,0.51450753
13.149897,1.1541708
5.5940504,1.6988014
7.797728,-1.3022367
7.3539634,-2.449016
7.3070207,-5.285427
5.9021306,4.893376
5.7795515,0.100809425
7.4645653,2.5394704
6.58414,4.745261
7.847553,-0.38657022
6.2572203,0.06083618
7.0528274,1.5401623
10.498456,1.7832639
12.066894,1.4320892
5.9781666,2.8692062
11.646701,1.0343468
6.762512,-3.8008258
7.179024,-1.1318609
5.7048216,-0.28342605
12.625586,1.2423121
8.219127,-0.08562252
11.329957,0.58472335
13.298819,1.1472517
12.205074,0.42368102
8.777402,1.415648
8.6802225,-1.6686769
6.1072264,-0.99539477
7.1343637,0.7196719
13.854135,1.4048996
8.270004,0.08931544
3.2614725,-1.7216325
6.13259,1.082718
5.3618593,1.9248887
7.393568,-2.742265
12.852421,1.1893001
12.345505,1.6727036
6.2375164,-3.3809648
12.365732,1.0043696
12.54894,0.47991663
7.6462965,-4.3306036
7.826657,1.8687726
5.316691,1.1373618
6.2440333,-3.5084522
3.6863265,0.7670606
6.029463,2.6329446
10.877514,1.2726283
11.657448,1.5992553
8.012455,1.1668168
7.1150765,1.7421246
5.992097,6.38534
7.263613,-0.97832537
5.8619666,-4.755112
7.25763,-3.068013
6.5644455,-0.15726082
5.662259,1.9135836
7.928432,-4.4117255
8.3846855,2.6185522
11.849881,-0.02155627
5.5218067,-0.8408488
9.120945,-0.29173833
10.417126,0.1782561
5.9290624,5.155127
4.8058877,0.26464978
7.042368,2.8332427
6.4532146,0.40660372
7.460221,-4.335804
5.1909566,-0.575713
6.8993416,0.34618852
12.203456,0.5948876
7.1108756,-2.4960008
13.191983,0.39575428
6.8112836,1.6356966
8.294472,-1.1151057
8.958708,-1.2035463
6.5853524,-0.57870567
6.5582337,0.94266814
5.4357724,7.2250385
7.3330874,-4.7923555
4.027221,-1.4343735
7.758358,-1.2898501
5.3533163,1.4202144
7.781245,-0.359636
4.149455,-0.39069885
3.7011526,0.62774813
7.5538898,-3.5512798
5.998079,-4.3663363
3.959471,0.54714656
5.841207,0.9697956
6.1800666,1.0064179
8.328118,-0.044498537
12.360275,1.0902537
5.4310884,2.2053297
5.467334,6.4012713
7.0827904,1.10508
8.970478,1.2838526
5.57241,1.4142331
3.4489653,1.0908825
6.054177,-0.07706735
7.5838423,-0.1739185
5.1435266,5.330122
7.8439937,-1.3249755
6.7343,1.0204597
9.701601,1.5716558
8.844927,0.3025149
11.901395,1.3839618
11.379931,0.51019627
5.338085,-0.37930414
6.837781,-3.928848
4.0740304,0.65863866
6.3034887,-0.4946373
5.7578535,-0.07909335
4.901772,-1.2579741
7.509731,-1.013541
5.6578965,1.3995403
7.1154513,-4.5795383
7.495762,-0.107831955
7.58965,-1.3237331
6.058755,-1.3449188
7.173799,-0.48571286
4.488665,-0.6730362
5.84695,1.165875
7.4121404,0.9307072
6.582058,0.9261073
5.8141246,4.7839313
12.110835,1.7960266
6.8318176,-0.037603825
7.425637,-0.7848344
3.6956794,-0.8569992
6.5945415,-0.39548722
7.9371915,-1.1922956
4.641595,0.29274186
8.0319195,0.06546553
6.5138655,1.0171019
8.366128,-0.5518742
7.840816,1.1137989
5.9643745,1.8179524
5.7915883,-3.8691823
7.829069,2.014602
4.7514067,0.7557764
6.4815893,-0.29035047
5.2428513,6.920306
7.4463444,-0.39798665
6.770119,1.082796
13.018092,1.6910435
7.193469,-0.651636
12.4437475,0.8439397
5.051241,2.2106552
8.173487,-0.6370825
4.3488536,0.18819061
8.009997,-1.4369522
6.7626657,2.8509054
5.672848,1.5180601
5.7769523,4.2546477
5.24769,0.2473453
5.8100123,3.5775251
6.5673075,-4.9614377
5.957374,6.119674
5.120688,2.2492285
5.9377327,0.31705606
12.257043,0.41530433
12.707302,2.0481768
7.2864814,0.59553444
8.317967,-1.4519893
6.8307056,2.8515038
5.9816656,4.9602804
7.8128076,-3.9661436
6.062885,2.598978
4.500708,1.4201394
12.353093,0.8865503
4.3949933,0.45884988
11.394658,-0.2503915
7.104455,0.3859808
8.215585,0.66989803
7.273874,2.6989737
6.913719,-1.8617643
6.395161,3.459126
7.1111016,-1.8199172
5.1854944,-0.48501384
13.002592,1.0429007
6.52029,-5.412578
5.4506073,0.63400507
6.031567,-5.0454993
9.223936,-0.5996822
6.6369247,0.35966673
6.531507,2.7621253
6.6798124,3.3844957
5.543939,6.663908
7.08243,1.0402362
8.9847555,2.4879177
7.165147,-4.5533586
7.9886885,0.41720727
5.922848,0.15576926
5.303392,4.5615535
6.9108953,0.7278921
6.493618,-0.96895254
7.860197,-1.6680334
11.245666,1.260801
6.0458727,-4.540548
8.849019,-0.34835342
5.3725047,-4.531287
6.079907,-0.20588574
6.8373833,0.60446936
5.6235,0.63935065
12.210339,1.2946342
4.977514,0.9147622
6.937627,-3.8608177
12.801953,1.709398
11.990958,0.22066227
10.966151,0.23734961
8.336759,0.5699572
6.4440656,2.5011895
5.417228,4.633567
8.676273,1.6083639
6.8117995,-4.081346
9.228878,0.7430975
7.2547665,0.037296716
6.4898915,-1.0736898
13.012135,1.43138
7.7472634,2.9767644
6.7010646,0.16985957
7.5157976,-4.0436087
8.115539,-0.80709267
6.182439,2.298251
4.2522492,-0.04379919
8.347272,1.7629913
6.171214,3.6559348
9.101336,0.86041987
4.696369,-0.73151916
6.124076,-2.7625015
4.723304,2.6888812
6.4451,-4.3377376
3.417353,0.49823108
7.866901,1.8105394
5.766052,-3.265956
6.687225,-0.2900122
6.9484706,-3.3734121
6.3300376,3.247228
5.4958158,-0.10667035
7.6466208,-0.23797713
5.517852,3.323228
6.9643455,0.7591853
7.9431133,0.7842767
4.801627,5.5711603
5.4666095,0.12764597
6.5227947,1.5039157
7.099513,-0.16000319
4.8803406,1.8688818
7.529584,-0.512262
7.4060903,-0.39159304
4.1394463,1.0378274
12.740935,1.917703
7.45286,1.6303327
8.246923,0.23761873
11.08485,0.44987935
13.085926,0.34149116
6.6728454,-0.7269099
7.2101536,-0.15108998
6.7673187,0.047212396
6.5538487,-0.5210596
12.158706,1.7406493
5.659956,4.7084556
6.512155,0.25270382
6.9027896,0.9127329
5.3419995,-3.8489892
5.7312837,1.2347013
5.3309054,-2.0081103
12.420642,2.0409625
7.3344398,1.1955669
6.6983137,-4.0643344
6.554132,-2.7113676
5.5236416,6.1773753
6.346604,0.17287834
6.6484733,2.2211528
6.554227,0.89289075
7.524661,-4.0285096
8.429565,-1.327536
12.118662,1.3030195
5.9471855,-0.4706082
5.1921473,4.975947
7.110559,-1.2210263
5.7797785,-1.2411288
7.0363817,-4.2852483
4.4348903,1.0304605
6.2317724,-5.1968303
8.046332,0.5621091
8.061111,1.6116657
5.1558685,4.5856304
8.842728,2.6130648
11.499066,0.4961789
7.1800857,3.6572616
6.7346473,-1.497456
8.95247,1.8265332
7.697726,-4.329424
6.740349,0.108056724
8.649002,2.325901
4.4133844,-0.7332786
5.3889947,0.98468244
5.751467,-0.61726916
5.1384044,3.4166234
5.998951,-1.3746072
13.668609,1.3441597
6.0919433,-3.4530463
7.5273724,-0.862204
5.1543355,0.5226579
6.395471,1.6282778
7.183286,0.8635254
3.0248804,1.0347065
7.351393,2.0408454
7.460787,-0.14432275
7.375496,1.092715
7.4455657,1.9333118
5.5410585,1.3165092
6.5386176,2.2806094
7.4352827,1.0564507
6.973085,-1.1661534
5.4593763,5.7387495
6.052147,-0.033878483
5.2954307,1.8170121
11.771025,1.0442595
5.365873,3.8287785
6.483004,0.58459926
4.855848,5.19255
6.476491,-4.1757927
5.389213,-3.6446917
8.140256,2.009058
9.934255,0.16683689
7.456779,0.41590127
6.1433024,2.4804409
5.5508447,4.6712375
5.1185584,4.3420053
8.33613,-0.9992908
9.908686,0.49783832
5.663776,1.0135525
8.5722685,2.2108693
5.803205,5.2561073
7.70637,-4.232763
6.8635855,-0.68236554
8.752594,-0.15512027
7.3891544,-0.6494545
7.373499,1.2594374
4.801988,0.8708516
6.553756,-0.48962668
7.210481,-4.840229
3.390113,-1.6008829
7.888037,-0.35597613
8.994425,0.78487986
7.787897,-3.6452508
4.51977,1.8550373
11.223681,0.64661974
7.214336,0.75957155
4.087364,-1.7538089
12.605777,0.80632603
12.288916,1.1905578
6.256775,-0.399945
6.014301,-0.7991943
5.9466367,0.13474235
3.5494034,-1.8120443
7.846808,1.5608515
13.178817,0.40079707
7.18777,-1.9729426
7.4641795,0.7687787
6.3607097,-0.14716317
4.9644165,1.3648916
7.477948,-0.06403517
5.861032,5.4102855
9.112298,0.97047967
5.6938343,-0.9650901
6.6831603,0.03727772
12.74434,0.44167277
5.718064,0.28865784
5.4605727,2.697942
4.520531,-0.7101057
11.5247965,0.7009572
5.6909065,-3.9221323
5.7912645,1.9387865
6.3825445,-0.2921502
7.7696877,1.6434771
6.0389533,0.15935375
5.0601254,4.7208853
7.6111937,0.69659317
6.3034086,1.9299766
7.8071103,-0.77367085
3.6083534,1.3504969
7.0261188,2.2150197
12.48441,1.0490285
12.757694,0.9922512
3.944969,1.5966102
8.345402,-0.6506441
11.885117,0.46946898
5.502004,-0.54218864
5.7483873,7.239297
7.6893983,-1.0825244
7.312304,-0.7588975
4.5993047,1.3824567
7.4365144,1.1218928
7.0044217,-3.3489058
7.975814,0.19892472
8.587249,2.2361455
6.614634,-0.80924994
5.8318706,-1.2207723
3.3667223,0.8741246
8.37508,-2.231931
6.7256975,0.5912288
4.0567803,1.278513
12.832899,1.1370326
8.777406,1.0129212
12.62008,0.94490606
7.170813,-1.6608653
8.722522,-0.60771334
5.5491247,-1.2171211
11.4934845,0.0340119
9.126659,-0.05685561
6.2562804,4.2913113
12.261381,1.7259967
5.2177515,0.5916082
7.992505,2.1977477
7.0028915,-4.3124995
5.7030587,1.7797799
5.4937267,6.513593
6.343137,-1.4012109
5.6314654,1.1349882
8.863438,0.8495944
7.7208314,0.79074335
6.7256503,3.2171292
5.9671416,7.2439885
12.053541,1.2578157
8.805281,-0.24702646
4.936443,2.456057
5.560321,5.61494
5.183611,-0.23438238
6.8631177,-3.9217722
3.5117147,1.0840672
5.837713,-3.433245
8.340957,-1.005973
4.7745748,-0.6211735
6.7318206,0.985185
6.783179,1.9972758
8.369066,0.9167092
9.361544,0.6654618
5.2377377,0.6370315
7.0949626,-1.002214
4.0421724,-1.2444626
7.1736603,-3.734098
3.1760607,1.0015385
4.920304,0.6518151
5.9845166,-3.4468286
6.0941815,1.3693367
8.236065,2.6329427
7.7761445,0.85934496
5.649701,-3.7247472
12.0356,0.9356666
4.531978,-1.5690489
11.949365,0.9807869
5.007522,1.8278607
5.811302,3.8129566
8.32713,-1.9003336
12.85269,0.98094887
8.89635,-1.0762309
12.297995,-0.13378066
8.379582,-0.68003196
8.56793,0.9941882
9.172729,0.13859989
4.6736207,0.03195332
4.997839,5.7395077
7.4465632,-4.971589
8.799209,0.6927994
5.330882,5.8403273
5.921969,2.3976374
9.344436,0.8371809
8.570904,1.0425227
5.3379035,5.701967
12.51837,0.75075334
6.871375,1.823241
7.444464,1.5447797
8.272948,0.6624921
6.1396823,-4.2708917
7.906476,0.2644765
5.263345,5.305209
5.7786784,-4.477562
7.4735193,2.60979
6.388425,4.487799
5.569424,-0.0360785
6.7598996,-0.92121863
6.8613014,0.98151094
6.8190536,1.0979608
8.311498,1.414888
5.546914,-0.7506672
7.5574574,2.6112788
11.207774,1.0001976
6.1788583,1.2214131
9.017919,-2.1581368
8.105191,-0.7988843
5.1066875,0.8507935
7.417392,2.239335
6.856123,-0.68470967
8.673681,-0.5989583
8.663116,0.003662535
12.139058,1.6276019
7.635532,-4.2517886
6.362278,0.5099654
10.768823,0.15363857
8.500738,0.7621579
5.6036954,5.723502
5.800378,0.79795873
6.329315,2.1061256
6.715797,2.0205941
6.426105,-3.280651
8.004173,2.0444067
6.02643,1.2675918
6.8155518,2.0314593
6.6629953,-1.2040036
4.9698114,0.35132855
6.147872,-0.42296755
6.2358923,-3.958903
5.80593,-1.6476988
7.8916893,0.2681701
5.8984537,-0.31324813
6.5954423,1.3039097
7.3739,-4.068308
12.996155,1.0274308
12.002925,1.4287461
7.888575,-0.04305183
8.199265,-0.9535994
7.222386,-4.0865874
4.0159674,1.5401341
6.747419,-0.32703793
5.649911,2.232378
5.6152253,1.6656853
6.427525,-5.0527005
5.370883,0.8687249
6.721391,-1.4484317
5.280903,-1.140168
5.438838,2.1777725
5.5218663,0.890014
6.7712917,-4.057164
5.339615,-0.17124099
4.791378,0.4897609
5.7300067,-1.2093784
7.8021026,0.08441156
6.0654993,4.8293796
4.498211,1.5483268
5.2286286,1.3499157
8.271079,-0.0038575097
7.1809144,-0.27984992
5.943509,-0.542854
8.0888815,-1.2451645
8.683911,1.1149187
7.082177,1.6735716
6.9128137,2.6262975
8.753964,2.496074
6.3821416,-3.525046
7.1976633,-4.3804326
7.43438,0.2386848
6.894726,-5.0188303
6.43375,0.7591022
13.123164,1.4717447
6.5295343,-0.86059535
5.739985,7.394464
12.697308,1.6891094
6.4341702,0.49713153
7.705462,-0.3489036
4.882236,2.4953132
6.003981,1.4336501
13.045724,0.5096875
5.3523645,6.5535254
7.8835855,-1.6412731
9.1229315,0.15904067
3.9540503,1.4074147
6.049502,5.3666077
6.0542235,6.4333677
7.264556,0.78933287
7.4289637,0.24393015
7.1753483,0.57661307
6.799235,-2.8752906
6.900853,0.17160326
8.072266,0.365566
7.7813425,1.0742285
5.9101734,-3.340752
4.404592,1.435075
8.561268,-0.80548596
4.8154693,-1.4683588
8.955964,1.8320513
8.889576,1.394408
4.052973,1.4016219
5.9458437,-4.1536636
6.216292,-5.026135
6.502366,0.25121614
5.446841,-0.00019791741
7.2366114,1.3216565
6.4334645,-0.08056468
7.1013465,-4.458719
7.300872,1.1734638
6.594913,-4.8080764
4.377415,-1.58
6.869284,0.0024046444
7.9792128,1.8246557
5.7929206,4.172402
6.4509244,-3.2709403
13.158292,1.6043732
12.511342,1.200194
12.452314,0.52706355
7.056231,-1.953071
6.3582826,1.2152921
9.152377,1.9840131
8.229465,1.4400208
7.844944,0.51497704
4.3456006,-0.33468977
4.5761185,-0.5704227
5.4430957,-1.598828
5.870057,2.4452183
7.3427176,-0.7846724
5.2610016,5.5210934
5.518951,6.723909
5.950773,-0.32742253
5.4364524,5.0529127
5.7759147,-3.3715675
7.6220646,0.11362182
7.780946,0.33396322
7.1746325,-3.8717651
5.747005,-3.9932618
5.667747,-0.41566747
12.974401,0.83146125
7.0299554,2.9254189
8.313453,3.118085
6.8292265,-4.253527
7.004428,0.6446576
7.3716083,1.1411197
5.897949,-1.1067488
5.3428583,2.6078775
11.114108,0.8917969
6.689927,2.5369601
4.8554673,5.7241035
7.8617992,-0.12908453
7.5364623,2.5253263
13.255451,0.8031437
5.421791,6.4076366
6.2753963,4.288156
5.6514673,0.5620314
6.2877975,-4.0066137
12.543624,0.57420033
6.9770365,2.7342565
6.9639587,-3.8920667
6.3228655,1.5116972
7.829477,-1.3462225
7.0686693,0.2069343
4.781787,1.3848467
6.054974,-4.8023777
5.3905973,2.0195374
7.01342,-1.6678661
7.6481786,2.4060762
7.8111277,1.2107046
4.251061,-1.604494
5.5815372,1.7063882
5.4708257,-0.9253069
11.596862,1.0137066
6.531046,4.5395155
6.2856565,-5.2787824
4.5923014,-0.16897972
4.0985804,-1.9157838
7.8039174,0.45527038
7.8147564,1.1351813
13.198062,1.7296911
10.001336,0.84456295
7.8829856,0.6117128
13.0170145,0.4528809
6.8488097,3.9625428
5.7038608,0.8396384
5.43078,0.2934934
7.276995,-1.7819396
5.897778,-1.0390929
8.195525,0.10355837
8.895507,1.0173464
5.5354676,-0.7109676
8.897954,1.3274683
6.836017,-1.4291847
5.841351,-4.368822
5.1580553,7.0755415
7.2441473,0.46340206
8.963991,-0.8162712
7.8980036,1.1750389
5.3767314,6.221488
6.109146,5.347477
6.4648466,-3.7228143
7.898127,2.1785474
8.090438,0.18920927
6.628719,-3.8106496
5.4999733,5.1574917
5.4393587,0.38007912
12.334339,1.9827162
5.9859133,-3.707859
4.1326947,1.0917317
5.737575,5.0431695
5.8708816,4.672567
7.114641,1.290509
8.932824,1.6877923
7.752735,0.7647687
5.845971,-4.6069694
9.68693,0.82614
6.024795,-0.44078296
5.9475956,1.6858968
9.146904,-0.37697893
6.2799015,1.4796568
6.964399,1.344212
6.2596397,-2.3698506
4.1114526,-1.0544662
4.4759827,-0.23364013
6.090357,-3.752786
11.790445,0.26217932
7.422454,0.9439483
7.0815797,-0.71829194
12.770347,1.0079635
11.3392315,1.3530642
5.08895,1.3487346
11.231018,0.1703019
5.9032154,0.23090619
5.641461,7.3395405
7.0852146,-1.9116437
8.339217,0.87376285
12.732806,0.20009392
6.7031665,-4.718227
5.7551656,2.7499466
10.595313,0.6018745
6.4404798,-0.64639026
7.7142944,0.47148272
7.628135,0.7361418
6.9820094,1.5301883
12.198794,1.8038397
6.8468156,-3.9014196
6.3267436,-4.223149
7.9091716,0.33300266
12.935982,0.8364241
7.5446663,2.5037267
5.3833084,-3.9286942
6.803785,0.15721458
5.5954785,1.742057
8.803954,2.5100234
5.405636,5.7774444
12.239211,1.6267998
8.545789,-0.41581395
5.5739894,-0.02894136
6.3103547,-0.7431574
7.1243377,0.17676196
3.4952927,-1.7992777
6.2245197,1.9714885
8.760432,0.579697
7.7150316,2.2194846
6.3543158,-3.8244057
6.277289,-3.4398277
11.920626,0.70449144
11.743333,0.056562126
8.262129,0.3316763
6.717594,-3.890189
9.70063,0.03297069
8.193432,0.8581014
5.9293566,-4.451917
11.304925,1.8197654
5.835495,2.3407285
6.145153,4.7214904
5.7045364,-4.4641547
7.065686,-0.64145863
6.2545934,-2.9907608
6.90267,1.4561983
4.863181,0.8703782
8.877754,-0.25940797
7.97888,2.7162375
6.611641,0.5645478
6.9217606,0.23707935
10.684742,1.0716088
12.839799,1.6725886
13.020427,1.496733
6.3626833,-0.3345282
12.386154,0.6783217
5.829362,-3.2105758
6.037807,0.6300333
11.983246,1.6969724
7.264255,-4.9101377
12.227163,1.4333425
5.944443,6.5082946
12.731943,0.3799529
6.2084475,1.9170877
4.7403717,-0.9224665
7.75182,2.3971128
11.683788,1.391824
6.9669766,1.2211066
6.8998427,0.14806001
5.8355293,1.511473
7.6503,-4.57828
4.394259,0.63216823
7.3244567,2.1332912
7.3456416,1.3131491
7.057207,-0.5424893
7.288946,-1.0401385
12.955175,0.9505666
5.7453456,0.501462
12.8845415,0.7542645
6.3771133,1.668212
7.4745903,0.07606961
6.1996026,-4.924033
5.9428935,-1.4112663
7.9419823,0.6060048
5.4541903,-4.706073
9.015372,-0.015660245
7.705189,-0.50597477
8.065772,1.7370696
7.447571,-1.116469
3.4577384,1.5156024
6.367369,-5.1232967
10.744675,1.1138929
6.951653,1.647337
7.5478835,1.4372663
6.4993286,1.9223009
9.356333,1.1099066
5.207564,-1.75812
12.1059675,0.12952657
8.728938,0.17387743
5.727838,-0.31035048
6.6257033,1.3951337
5.5154696,0.6243435
6.2697654,0.15821946
9.273595,0.46826273
6.7448173,-1.4824744
5.9094777,3.981716
6.6762023,1.2826366
11.654824,0.9848419
8.801466,-0.32557365
7.9035015,-4.285107
7.3485465,-0.8940514
6.7476635,-4.971151
6.4878883,-4.7575006
8.148255,-4.0876503
6.917483,0.69042826
6.1489086,3.111553
6.104206,6.8726163
13.061834,0.67913485
12.6665745,1.0809631
6.578258,-4.2650075
12.467565,1.4069016
6.5913835,-4.1427097
5.784884,-0.54009724
7.6834683,-0.92666596
7.177885,-0.49913397
7.3249397,0.7558444
9.237528,0.18881679
10.599847,0.028823836
13.104046,0.25864527
6.1685753,-0.52000356
11.973523,1.7685928
8.207049,2.148886
8.384503,2.6779127
6.584991,-4.4425693
11.4845,1.6512419
6.1757183,-0.12938057
11.491133,0.53342927
13.462357,0.7343333
8.731746,1.2038168
7.467341,-3.999578
9.887691,1.0567839
8.198309,0.16202009
9.082016,-0.40120533
7.777566,1.294292
4.564036,0.028811214
7.0143085,3.5682724
8.188824,-1.0566273
10.969372,0.42606074
6.3749704,-0.86051106
12.527387,1.1664042
5.1102004,-0.055089492
7.167111,-0.6802334
7.448879,0.51867855
6.9614534,3.0910447
12.931632,0.10202203
6.488466,-3.0146294
8.535341,2.6515467
6.6071043,-4.1123276
5.329191,-0.77875346
8.872756,2.4117923
5.154918,2.4652207
4.8254056,1.2887408
7.596177,-3.8623528
4.4988976,0.042443212
6.6489053,-1.4759659
4.8462715,0.6649253
4.7737103,-1.7864152
5.2565303,1.0580766
5.4602337,-0.2486044
6.5455427,-1.9449177
5.578558,-0.5607495
5.363176,1.8119373
6.6134543,0.73540956
6.1857915,0.9633035
6.847595,-4.269786
9.361627,-0.18834893
7.1328692,2.2566638
7.481294,1.4373441
5.8264318,-4.9797096
5.8957205,5.785799
7.3452177,-0.8974326
6.854158,1.3154676
8.222203,1.6996586
8.204124,-0.38169873
6.8581176,-0.89345044
6.0117955,1.5273746
8.603536,-0.62813807
5.2989397,1.6700784
7.6916046,3.2942147
6.2321577,-3.046852
4.7830205,0.5017077
6.073975,-0.998434
9.310441,0.4383334
5.933015,-1.0219381
6.8462524,2.2022548
5.3226023,3.5236566
5.171525,1.4634905
5.5440097,2.4860127
7.4703197,-4.684514
3.4957333,1.052883
4.262665,-0.051031757
13.151738,0.42918366
7.0887427,0.29707947
3.8308017,-1.7819161
11.079447,0.17961234
5.972875,-4.336635
5.462972,-4.6618047
5.359907,-4.2999563
8.456432,-0.14073563
5.349845,-3.975155
5.9095445,-1.0063508
6.786083,1.6102252
7.3988724,1.5175624
8.079794,1.8446233
7.1404862,-4.0659413
8.097282,-0.31470072
8.341506,0.43242484
6.1804714,-4.34609
7.7346025,-2.222623
12.361374,0.8132979
5.8473015,0.24078335
4.074386,1.038529
12.523219,0.24661358
4.8814907,5.7766953
8.003606,-0.0015776817
8.9829645,-0.75767183
10.094184,-0.50953203
7.2596545,-1.4451559
13.432596,1.4291468
12.295426,1.1930233
6.0374327,-1.4937546
6.7596045,-5.002236
6.767286,-0.6223547
8.391033,-1.0466254
13.2299595,0.9493928
8.732499,-0.010254335
8.490609,0.6341549
10.431083,-0.11373264
7.2769375,-3.7880797
12.913861,0.53096545
5.2505417,5.362355
7.177672,2.8766806
4.979625,-1.2370859
12.788095,-0.00089155405
12.419725,1.3802383
8.976273,0.12657283
6.2514253,-3.0060735
7.635486,-3.530625
8.473431,2.3693695
7.5498753,0.77460235
6.48615,0.12838817
6.6197352,0.87627554
6.9361777,2.7476666
5.3329654,0.8265829
6.750136,1.8170278
6.306676,-1.544889
5.623018,0.4478376
12.074007,0.9993549
10.444147,0.9825827
6.7582774,1.0674663
6.951981,0.6509909
6.425822,-4.020206
9.726285,-0.5476779
6.119338,1.2887726
7.458602,-4.6560235
11.73374,1.0921866
6.088147,-0.41140226
12.716311,0.062223807
11.709442,0.53747493
8.802712,0.15687644
7.081937,-0.4482905
4.9188385,1.820446
7.2810273,2.4026613
7.7677727,-1.9058397
5.9782815,3.9502885
8.826848,-0.41367108
4.6180754,-1.4165871
8.128883,-0.12024368
4.149755,1.2845819
6.4547515,2.2409909
11.81477,-0.097650476
5.7322555,0.34306732
5.610876,-4.3076797
9.131284,-0.62749094
5.319386,-0.97695595
8.109768,2.870538
7.395799,1.9390177
5.702867,6.3964734
7.1547623,-1.1979629
7.75324,2.0643542
6.6808057,2.339598
4.9400835,1.4968394
6.185559,-0.15426393
8.001218,1.8825852
11.167949,-0.4388731
7.50652,-3.7305012
6.34824,2.5682435
5.4896946,7.2639985
7.7881174,-0.6928592
7.066801,1.4597764
13.515591,0.9082334
6.8168244,-4.3514147
5.9812098,0.15553309
6.8929596,-3.6033847
7.7023306,1.3778622
5.6478863,3.0972147
8.7845,1.4191663
8.93342,0.15980962
8.076453,-0.21023677
4.915388,2.7095485
3.6343894,1.2563298
6.697975,2.908711
7.6223454,1.459288
6.3085856,2.7215524
7.531549,3.4244556
8.671968,-0.6277191
12.560666,0.35568798
7.0721555,-4.1822314
6.207043,-3.7322292
7.5348225,2.8520286
4.2284083,-0.046958935
7.8677554,-0.71038574
6.2300496,-0.7085075
10.568974,0.4668634
6.3941774,-0.5969548
6.910295,-4.338074
4.875618,2.3745341
9.027565,-0.64279044
10.305564,0.16777407
6.1899233,-1.1943066
6.0865855,0.8713263
6.610407,-0.6581365
12.863934,0.3902472
5.316425,5.3880835
7.110117,0.7496035
13.87258,1.1096001
6.3710246,-4.1057734
5.9833646,5.9885187
8.416601,0.6072386
6.5764723,-0.8003643
6.3670964,0.11964133
8.774924,1.1999832
7.943018,-1.3266281
5.099488,-0.96780103
5.5084114,4.8482776
8.231082,2.6315784
12.520935,0.37971678
6.34949,-4.6894174
4.3897686,-1.3223922
7.7804375,2.494357
6.6728387,-0.38022965
11.815583,1.6244615
6.515519,-1.4797795
9.176759,1.3446217
5.698335,-1.4534118
8.858634,0.93306947
7.234688,2.109161
5.903473,-4.7639656
13.199629,1.4427564
12.569746,0.28978825
6.474776,-5.2501197
5.676217,1.536503
13.208612,1.6509868
6.4555078,1.7733263
6.678267,-1.238927
6.926026,0.75521696
13.313116,0.82294536
8.052218,0.9607957
5.637976,1.422232
5.8760056,0.55313826
4.862342,1.1771361
5.464513,-0.93737364
6.0989857,-3.3574328
4.9460673,5.8968687
5.795859,6.683282
5.9342327,-3.8762712
8.073685,1.431988
6.9196997,3.0330107
8.467435,1.0104368
8.493451,-0.50771034
6.630036,-1.4491707
5.8694324,4.6800647
4.830328,1.7625977
6.6423836,-0.8540993
7.7606735,1.8822623
9.433619,0.23237342
8.790854,1.7103992
7.849682,1.2429979
6.7320204,1.3527832
6.5268526,-4.735202
8.409164,-0.539478
6.5593214,1.4324614
6.8811,-4.9985557
4.340262,-1.159083
6.515822,0.5800617
8.113163,-1.3257122
4.6943946,6.0452027
4.9700537,5.853148
7.977979,1.6064978
8.198679,0.46400857
3.4227552,0.98475
11.644136,1.3354626
7.733051,2.8217404
4.6151767,1.3845063
7.915293,2.5966907
5.6241055,4.339013
11.699749,1.3204225
4.75761,2.3299012
6.7364717,-0.67356104
7.2843013,-4.4959254
9.624665,-1.3227441
8.624889,-1.1040131
9.315875,-0.0786122
4.8397455,-0.40126428
5.8962274,-0.06785762
4.9269576,0.23494795
7.8948765,-1.4957656
5.924239,-0.5442664
7.6905184,-0.48034653
4.1613626,1.2798873
7.1398287,-4.397113
8.34974,2.0113816
12.040431,0.37811264
8.952715,2.4151084
5.4653754,-0.44913033
6.738151,1.5539999
5.5118775,1.6427448
7.155753,-0.17719312
5.3957863,-0.044306677
8.04524,-0.06890379
6.897606,-1.3827811
6.835707,0.77985203
12.4631815,1.6584895
5.239898,2.1078496
5.5230403,-0.8737481
13.392172,1.5736883
4.9031134,6.264383
11.906454,1.0198069
7.6822996,1.5370848
13.013161,1.6261829
5.7838397,1.6812189
11.85198,1.4478583
7.755558,0.16613269
6.8360953,-0.5945756
6.5358815,-0.6872177
7.7243,-3.8320003
10.868842,0.1851885
5.8894267,1.3898177
6.172186,-1.1270479
8.729707,-0.21648026
5.779388,-1.1259853
4.8188796,-0.24709083
9.220668,-0.61322945
11.996921,0.07005947
4.5714984,0.8175536
7.743932,1.1861526
8.040738,-2.695931
4.799612,5.284826
5.4816284,-0.68265396
4.41773,1.041586
5.149185,1.7608042
5.7840524,6.926655
8.275415,0.35292935
6.538879,-1.4925549
7.3310785,-5.240883
5.7263074,1.3248
11.354329,1.6032054
6.741052,1.185054
11.09127,1.1051983
11.852594,1.8392957
12.060061,0.41561955
6.7492375,4.166205
7.3316345,-1.3712999
3.8641176,0.44576097
8.055751,-0.8344859
8.62983,0.77681327
6.863669,-3.7339134
8.863628,0.6715335
5.490288,1.9589128
5.6394777,1.7599772
4.9886923,4.4686904
8.267016,2.054986
6.954254,0.6134428
5.571296,-0.4525978
5.1589656,2.2278185
12.906788,1.3236582
7.189975,-0.0175986
4.721559,-1.4092832
7.3074827,-1.3689616
6.141744,0.353855
7.766362,-1.6149026
4.6926527,6.350394
3.2597091,1.260298
11.5345,0.9993866
7.4955826,2.7644784
12.520188,0.8041952
6.6036754,-4.3271394
5.248258,-1.552388
7.410126,-1.3752435
7.674685,-0.5707693
3.6693735,-1.5336664
6.4619455,3.9092107
5.7874684,0.4102582
7.266876,-4.2976356
5.2477684,-0.2505843
6.6806545,-4.693706
4.408678,0.601025
5.7197165,5.3030114
6.863276,-3.9305923
5.5070844,-1.532853
6.639691,0.09649495
5.027514,6.165535
7.5322957,-1.2130866
5.6488447,-3.9944742
6.226649,-2.109208
7.094993,3.2603927
7.296786,1.7614948
5.502919,5.5527344
6.3652754,4.3884954
3.8146183,-2.0465136
3.6386595,1.0947473
11.83724,1.4145881
4.8487377,0.66786397
4.7312393,0.82894206
6.646857,0.9058423
6.7544985,-4.355532
6.101981,6.736946
11.125981,0.6875118
5.6262383,0.1736185
6.973847,-4.372748
3.5179698,-1.245238
12.391432,1.6919569
7.719071,-0.32378316
12.452771,-0.017290007
8.261967,2.4655175
11.703468,0.7420471
7.9721327,0.13690451
9.376467,1.0356174
6.1357775,-1.4153452
6.5721574,1.0877173
7.9970074,-1.4138259
8.21346,-0.11871688
13.346442,1.116245
5.381788,5.1655006
8.924318,1.4312961
12.024823,0.2696294
11.510844,0.18113658
5.077484,1.4283638
6.2322183,1.6428885
5.3014264,1.4044464
5.1217856,2.430473
5.8640203,-0.0425895
7.762218,-4.8544564
12.572733,1.86584
6.9158673,-1.4647591
8.65041,2.0546854
3.134785,0.71608937
5.596662,5.415117
8.107672,0.036238797
7.1877556,1.9580843
13.032008,0.35776556
4.3639784,0.05506707
6.1891165,-1.5638353
5.3873396,2.5378053
5.804668,0.9572538
8.774918,2.261624
8.707982,-0.24209277
7.6064973,0.9544084
6.8691916,0.83087176
8.088701,-0.8185151
7.215576,-4.0697517
7.908548,-4.0953827
5.4867992,1.778687
5.7117834,-0.33371633
7.6710668,-4.757487
8.282246,-1.3688986
7.6714892,1.1496377
4.982249,4.7800922
6.945328,-1.4426892
11.734929,0.7917308
8.639595,1.2746351
6.011781,2.1538336
7.385579,1.060112
7.731877,0.47516903
4.791049,1.7833128
11.088427,1.4980775
7.2589626,0.5310764
6.0929055,2.2462227
10.444487,0.17585461
5.086694,6.0195465
8.738333,0.48284993
8.085837,-0.74669343
8.249389,1.3335793
7.0742636,0.6626271
6.594739,-0.54646844
8.413773,0.25343916
6.4666944,1.0877755
7.1576324,-1.066802
4.9201,-1.2827268
6.805055,-1.1857708
12.496147,0.8205593
5.8762746,-5.215699
8.969833,2.6267574
6.743552,2.8963826
11.561416,-0.02382239
8.463084,-1.6051328
6.240596,-0.4203568
6.7410326,2.227198
5.3720083,6.0590734
6.2186184,2.4142833
5.5720305,1.7355556
6.2734494,0.7206436
4.461811,-1.4964525
3.3447154,-1.6755515
6.7763047,2.4173348
5.8662734,-5.0435224
7.362828,3.238977
4.5144577,0.28126135
4.7499943,0.0064543854
9.2083235,1.006856
8.113993,-1.7083023
7.4171247,-4.361124
5.291871,7.063959
9.096911,0.4829588
11.444758,0.57261074
5.9850774,0.21543616
7.7186637,-0.096869774
8.1515,1.0974596
8.086974,2.2566988
5.024273,1.5454291
13.134887,1.4706448
8.405984,-0.50503147
12.082888,1.8622566
4.4652286,1.0914863
6.6204753,-4.8660746
9.638308,1.0955734
8.801996,2.6747155
5.71854,2.3319042
7.032714,-5.040807
4.187044,0.8807275
5.8290133,6.6246376
8.305681,-1.0680116
3.8938375,0.8644686
7.7092743,2.032203
8.821345,2.4524376
5.998297,-1.9581323
7.825933,0.14665803
6.794568,-3.075524
7.8505588,-0.7957906
7.1547246,0.5893209
12.611537,0.9184082
6.512786,1.2973771
6.3143797,-1.5829601
7.20262,-0.9355648
5.9510226,-5.058871
6.6493254,-4.5158105
4.925559,-1.2963448
6.410082,0.99990153
6.634249,-4.362133
6.3478484,-1.1335977
12.189257,1.6959573
6.1508746,3.7853155
8.062144,-0.0984371
5.983618,1.1324879
4.1120715,-1.3888135
11.206066,0.26495916
6.1230145,4.9248886
10.260612,1.4956355
5.9189982,3.5475502
4.278462,-0.31631044
5.8647547,2.0181684
5.8219438,0.6892923
6.1420817,2.5173488
6.60299,-0.33976457
6.994954,-0.9094026
6.1964617,-3.3810852
7.4744396,-0.31497222
6.9362035,0.22817878
6.5059724,0.83561087
8.510462,-0.556395
6.7703915,-2.980231
8.766872,1.5723072
4.039283,0.5414952
13.0948105,0.56648976
8.0840845,-1.9181824
6.1299534,0.3090168
5.5191693,0.20876385
7.1266613,-1.3997171
4.430964,0.2567993
5.7117968,-1.4564338
9.141353,1.5974913
5.516602,-0.6072799
8.002658,0.77541715
4.7783475,-0.02053179
6.787567,-2.6577635
6.744382,-1.2998484
5.3217225,1.531756
8.801493,1.4289892
7.425656,-1.1135726
6.3607316,-3.8372996
7.5722575,0.30662253
7.0218925,-0.08201687
8.196549,0.87999624
4.3291855,2.2651923
8.167669,2.821206
11.969621,1.391694
6.5332494,-4.8739514
7.5578475,0.17226486
7.41533,-0.6086383
7.658735,0.099205345
5.0735745,-0.18109366
8.00094,2.2024302
7.209401,3.1961763
8.267746,1.9502823
5.689647,1.7365214
12.163111,-0.055562012
9.075376,1.7891515
7.052603,-1.5787328
10.636188,0.15537073
9.048382,-0.680563
11.418729,0.4947649
6.3238945,-3.5223234
6.0255346,7.0388556
7.75272,1.7721695
7.843583,-1.0364847
6.308293,3.6959562
5.6996365,1.5534834
6.1941657,-0.3401805
5.427416,-0.41795713
5.292309,1.2513669
6.6951847,-1.5935048
8.133827,-1.5870911
13.085185,0.95719403
6.649848,-3.6746163
7.895602,2.167175
6.3139114,-3.9900916
8.311997,-0.71848506
7.684845,-0.9502387
7.480403,-1.2862236
7.5359592,-4.130144
12.149337,0.3301436
5.3718596,1.6383725
5.5611734,-0.87825304
6.5417185,-3.65244
7.1469646,-3.814729
5.910132,3.4425259
5.348079,0.73473006
13.054423,1.1369787
7.8389854,2.6983106
8.125186,-0.80502665
8.1753235,-0.62742275
5.480984,0.6547845
3.9497662,-1.158981
11.791642,1.1996821
5.442752,1.8757197
6.9206495,2.2258778
8.452648,-1.0188708
5.901093,-3.3734114
5.845947,-1.6042182
9.313054,-0.3244464
6.421207,2.080377
4.547511,-1.2443478
7.434672,2.205395
6.548771,-0.5646133
7.609886,-1.6814256
6.952083,-2.0523643
5.364951,1.4057455
4.01403,1.0696365
3.3588407,0.390291
9.050915,1.2725953
5.6262755,0.12596123
6.8615646,0.03626399
8.321033,-1.2447884
5.2941446,-0.29795375
6.6821423,-0.19763558
8.330894,0.38119718
8.623337,-0.63180757
6.2021465,-0.38366374
7.4017396,-1.4935244
8.640061,-1.6716864
6.3057966,1.2347558
6.258361,0.48912326
7.865829,-4.79434
7.820432,-1.636647
3.4910214,0.59059864
13.568329,1.1128813
10.743326,0.041005738
6.2009926,-1.1373999
8.346784,1.4209952
4.693434,1.7381941
5.613963,2.7265623
6.484808,-0.72403353
11.18073,1.233612
7.371635,1.4811902
5.0403166,6.8028383
6.8782945,-4.076866
8.380934,2.041653
7.355937,0.16798268
5.6933775,-0.6872001
6.7356052,-3.1537304
5.846156,6.949952
7.20971,-0.32553774
13.472449,1.4388173
5.9752192,-4.550539
7.2427926,-4.831195
6.546356,1.5747387
11.640703,1.54986
7.0137506,0.9394566
12.549207,1.9828312
7.66362,0.6477029
9.153891,0.2972558
11.9427,0.85057837
7.891711,0.589875
3.8535278,1.5284638
6.862303,-1.0424606
3.0946245,0.94514644
5.1073503,1.1773294
6.612596,0.535445
9.106184,2.0619955
7.946456,2.2244759
5.5861936,-1.3161077
4.4570208,0.9759519
7.682602,-1.2642505
5.471349,1.1866052
7.7215567,3.034334
12.75554,1.919937
6.061767,-4.2340875
5.560457,3.0478966
10.666574,-0.25404602
5.728586,5.207262
5.656305,6.2575436
8.626577,0.36244813
6.335555,-0.2926698
5.7300286,7.1554046
4.7999325,5.6159406
3.6183674,-1.9952677
6.390979,-0.67655176
5.868899,5.7630954
10.526192,-0.09522425
12.130015,0.61463195
7.9387794,1.016841
5.5343084,6.952194
12.774656,0.5194326
6.0430956,6.828667
7.5146165,2.150105
7.2731614,-3.2645066
8.116256,2.6776013
4.7974324,4.7039967
5.2216125,0.06381815
8.507785,0.72542244
5.9288697,-4.0215683
7.4257493,-4.6633124
12.21968,0.7313591
4.461013,1.908552
9.899756,0.35981596
6.776812,-0.71435875
5.245144,1.0885715
7.8057942,2.863695
6.657904,0.22143047
5.220694,0.92839605
4.617525,0.45966724
7.573449,1.1446735
7.631302,1.9821979
6.7127666,-4.0008984
6.809134,-0.12608856
5.6192207,0.41318363
5.296514,0.6493829
7.571422,-4.546521
11.691846,1.6899751
7.332758,-1.0878395
5.5137067,5.4629216
6.83911,0.16690165
9.620372,-0.49952197
8.063373,1.3983828
12.329848,0.7218461
6.963874,-0.5902756
5.024152,0.073272385
7.632305,1.016591
7.087908,2.1246045
13.256163,1.3010383
4.2341003,-0.3688135
8.141562,1.8050058
5.8574705,0.29679793
6.6409764,0.6220086
5.650435,-0.4922212
7.2144017,-3.5329707
13.831841,1.1488683
7.229493,2.0828924
5.31045,1.9380416
5.462223,1.2472254
7.8469768,0.76022935
5.617778,-1.48425
3.6068883,0.6663904
7.5116577,0.5754521
6.5325184,0.4325535
12.587539,1.7209005
7.244803,-3.6634147
12.208679,0.2702286
7.184269,-1.9541757
5.446908,-4.3020573
4.1876607,-0.8203657
6.9162936,1.5982268
6.6977453,-4.387343
8.547955,0.76722914
5.1210012,2.1479378
8.4713335,-1.5184224
6.8364086,-2.4330826
3.8405814,0.11832603
8.954085,0.94090676
4.202683,1.6527582
6.2512627,1.3312601
11.430732,0.77940774
7.6886134,-1.4081929
3.6739023,-1.1720448
5.2612023,-0.617923
7.0605297,0.07554476
6.983829,-0.05030997
6.3034477,-0.7360741
6.094328,2.9056563
6.9450502,-3.186042
7.206501,-0.34322932
5.695576,0.9254161
8.198195,-0.7760113
6.6848226,2.541316
4.998066,0.28064162
3.7052133,-1.8579751
12.712771,1.1921097
7.6707664,-1.4998531
7.595651,1.9402667
5.324105,2.7102191
5.607552,1.9720656
8.115076,0.43084762
3.6636403,-1.5208838
3.5364158,-1.9753482
7.2566814,-0.04088252
10.440806,1.0035555
5.4602757,7.0045485
5.95628,6.610755
8.213175,2.7442455
6.798796,-2.5873191
3.6901753,-1.4135212
7.0150714,0.41142702
5.175861,0.022354988
6.898454,2.3387103
7.000868,1.5947468
11.340781,0.032930855
5.424819,4.161611
8.281984,1.8551122
8.604764,1.6983393
6.3208547,2.6990237
12.699762,0.093035676
12.616596,0.85753787
5.554723,0.97692865
8.634451,-0.36078075
8.493255,0.5666661
7.839058,2.3659918
5.5357723,-4.137032
8.044931,2.506933
6.0969067,5.3671656
9.013858,0.77078086
7.5887322,2.0543404
7.9673643,-1.7920749
7.2237616,-4.119289
7.528064,-0.6000649
7.7019606,1.9629463
11.896696,0.92315865
7.7504616,3.0997412
6.1583767,-5.324483
7.5308414,-2.8135676
8.544622,0.0015833612
7.103878,3.0046475
5.761246,5.4530435
6.760199,-3.3662074
13.38493,0.9165901
5.0207806,5.6719794
5.820049,1.3914577
6.264858,-3.1581423
7.488663,2.3723404
7.057653,-5.2077928
7.6041546,1.4591602
6.9321656,-1.684345
5.818038,-4.7371383
6.5438952,0.45544386
5.749718,-3.1275716
3.6352105,-1.8911496
4.5563393,-1.3396083
6.629881,-1.5873886
7.194643,0.79069006
5.6098275,4.189032
7.3712416,-4.0488086
7.8823028,0.54163986
7.5816054,-3.7952273
6.349155,0.21787843
8.835892,-0.36144328
7.373017,0.031359345
5.7992606,-4.8782043
7.343736,-0.10416772
7.5620375,-0.75672734
8.229192,-1.2418019
4.7477994,-0.963917
8.754594,0.48540545
6.914245,-0.707383
6.703156,-4.4380393
8.247846,-0.49598536
12.196522,-0.15300381
6.6409516,-3.309385
8.992268,-0.9174504
