5.973517,8.8768835
3.7127235,-2.877336
6.309927,9.837983
-1.1682565,6.612278
5.22006,-1.4808848
-2.7125916,0.632565
-1.082639,0.7341847
4.364099,-2.4434047
5.88558,9.632032
7.079115,-2.8646147
5.2609797,-3.0944772
4.3094177,-2.5700345
-1.6857889,7.1495676
5.8357487,-1.4635419
3.1319697,2.005128
3.0255308,2.7269275
6.113986,-2.0075445
5.389074,-2.7616801
3.5015447,3.0029128
-1.7328628,1.3916371
5.647216,1.0296607
6.1582847,-1.0361972
5.785468,-2.383023
3.210373,-2.935886
4.9504223,-2.2296603
3.6923945,-0.30619854
4.940687,9.692614
5.8122797,9.095633
-1.3477343,7.6223288
6.6452627,-1.0783747
6.3707514,-1.0905286
4.5663567,-2.233183
-1.3307819,1.4617741
5.46278,9.86719
2.3152304,-1.8219674
4.511723,-0.038221702
-2.0218232,6.0002904
0.5948252,0.2562298
3.7959201,3.23344
3.922645,-2.2007167
3.9617696,0.6351499
-1.7011636,-0.003657173
3.7649937,-0.7998705
7.6916933,-2.2834017
3.994883,3.2211797
3.5466561,-1.9637624
4.329517,-0.17399357
5.137461,-1.8211974
7.419999,10.616638
-1.982789,1.0266606
3.4036355,-3.307661
5.8156266,9.890164
6.0148168,10.017375
4.019704,-3.1306727
2.7335935,2.1767385
3.8494632,-0.15683834
7.309009,-1.1127567
4.8361382,10.020712
-1.0234995,7.334396
4.7376313,-2.0729718
4.0301595,-0.8036871
4.123646,-0.3960281
-0.8580284,0.64380616
-1.1323383,6.0794854
4.9821825,9.997549
5.2824407,8.87356
2.982178,-1.6213948
6.156896,-2.9449873
4.551906,-0.9189046
-1.2956301,0.85614353
-1.4615287,7.335057
4.0709105,-2.7102933
5.757114,0.60474557
-2.3745239,0.637106
6.5364213,-2.6260438
-1.3436424,0.30678827
4.631862,1.0196584
5.180885,-2.7593837
0.80272746,0.88239557
6.2357063,-2.862626
2.4671175,-5.6086245
6.2759066,-1.9246793
7.231859,-1.6379635
-1.9517525,1.4428552
2.7328327,-5.453977
4.7995896,-1.7582512
5.9982824,-2.3319604
4.8524866,0.60884637
-1.1906098,6.537701
-2.1188178,1.5218154
6.5322766,-1.5321196
5.4611444,-2.5694304
3.7636378,-2.9536834
3.061362,0.098427266
7.014749,-2.511407
4.372158,-2.4505782
5.2597995,-1.1664461
2.7497258,-0.97987485
3.126371,3.9110608
5.957167,9.350113
2.7945619,-5.9845133
6.008798,-0.4767734
6.159208,-0.5750882
3.7483616,-1.5565726
-2.131605,6.499219
4.79672,-3.0464382
6.4147196,9.79838
3.0555792,1.6605467
4.2379274,0.54049546
2.3594472,3.0335872
7.584872,-1.7021593
6.622357,0.6307013
5.652472,-3.3088439
7.16053,-0.042248502
-0.8723267,0.22627692
5.513193,-1.9115466
3.1328146,-0.96755433
5.1350503,-3.5212934
6.5206165,-0.28302827
5.018319,9.828465
-1.2237768,0.15870441
3.2207778,-1.6770072
4.8214507,-0.6129066
4.796831,-0.7734207
6.305383,-0.5939771
5.3857193,-3.505394
3.756165,1.7991768
7.0145884,-2.2729506
-0.27776477,0.38031742
4.618882,-2.4859374
4.0098395,1.0552936
2.828148,-2.3268168
0.0540735,1.1188278
-0.87714773,5.938318
-0.76152635,6.2669992
-1.2774669,0.53958845
-0.47917303,0.8144202
-0.8775904,0.29302487
6.1362767,-0.62882006
5.992761,-1.5149986
7.6226773,10.671365
7.384101,-1.6619303
3.2897644,2.4987335
6.558408,9.170873
5.1337023,0.44561422
3.3626335,-1.8090819
6.4015293,9.098851
4.4237213,-2.1310184
3.311579,2.1197689
-1.7262208,0.8353346
4.861904,1.1370373
7.856934,10.592396
5.027638,0.33552495
-0.7267742,0.8925421
4.1505666,-2.1079755
4.2240915,1.8718427
6.2273026,9.601032
3.1940064,-0.83492905
-0.41624686,6.3303695
5.775071,9.754522
4.254069,0.07204004
3.7893643,2.8566961
2.3193564,-5.4196186
5.882155,8.896858
3.5314107,2.4141102
5.0258145,0.31656474
4.44325,10.250205
5.216584,0.2980636
2.9964933,-1.7434599
4.19274,-3.16021
6.7440224,-1.9250549
-0.44093257,0.19775093
7.2577343,10.185081
5.9876404,9.671094
3.8165326,2.3140178
3.3099382,3.1798828
2.9687166,-0.3878558
8.194482,10.473399
6.7874804,-3.2633216
-0.7524456,0.95122695
6.7454667,-1.2477345
7.7955947,-2.449508
7.256116,-2.2274303
-2.104441,1.4912853
5.765251,-2.603541
-0.21330789,0.9564541
3.9075522,-1.203856
5.547974,-3.4231682
3.0968661,-2.447828
3.6755066,1.0680491
6.249314,-0.120021716
6.4811625,10.116517
3.158515,2.582104
4.3344254,-2.0711677
5.797202,-0.16469269
4.63543,-2.2226155
-0.9860294,1.0683545
5.57916,10.217029
4.9779096,-1.8534706
-1.248868,7.0108123
4.7155776,-3.48
2.8003309,-1.1088319
5.0285263,-0.80008924
5.0075283,10.391364
5.8471055,-3.3596375
7.8154607,10.53704
3.7617245,2.2405968
7.0015893,-0.31214806
5.7476473,0.14979428
-1.3093218,5.8070345
3.886083,-2.1369379
8.157826,10.395112
4.838897,0.21720998
-1.9538879,5.8097625
5.747228,9.60485
3.6109304,-2.5733745
7.584704,-1.7141705
5.0751944,0.42127943
6.4676228,-0.58515054
5.878524,-1.6489084
6.783369,-3.3476188
2.8084564,3.6715858
3.8973982,-0.40305665
4.9633384,-1.0088964
7.4191327,10.292678
3.812858,0.17518835
5.475484,8.666962
5.0708632,-0.51512533
5.2043223,9.659218
4.192802,-2.2983837
-1.5669398,1.3031358
-1.9490899,6.7081623
7.588942,-0.54784155
2.5828757,-1.0262356
3.2546496,2.4312255
-2.1687458,1.6511614
4.5326276,-0.24681354
-0.6502272,6.9013996
7.0573473,-2.0247254
5.1102085,8.914974
3.196525,1.8072355
-2.071405,7.1156344
-2.2395282,1.0085207
2.9444706,-0.23595484
6.38884,-0.50866926
6.092646,9.176171
5.0978093,-0.610447
5.3467817,9.306169
6.7637033,0.3956164
3.0459857,2.2576451
2.7572198,-1.1799338
5.512183,10.524251
6.117369,-0.035658274
2.3865962,-2.2138486
5.3141584,-2.954198
4.1081123,-2.2919717
6.5172286,-1.3854289
3.0844378,3.2816691
6.9351454,-0.6925855
3.1316895,3.6965208
3.386071,2.8979452
3.312813,-2.4758048
5.352687,-3.5471346
4.123343,-2.8535016
5.057926,0.20925952
-0.8185293,7.204758
6.422258,-2.0746658
5.1969166,8.985543
4.3811445,-0.95471805
-1.2134846,0.97678274
2.8794663,-4.164478
6.365219,-2.1108468
6.3526664,-1.3618351
4.6769924,-2.7303648
5.0437984,1.082152
-1.6845032,1.0367283
6.0159683,-2.7854476
6.057548,-1.570261
3.9073687,-1.5414189
5.1378903,-1.1122642
4.25469,-2.0914996
-1.7481567,7.158068
2.874139,3.2971976
4.1788173,-3.8375044
7.0889106,0.16374697
6.9970827,0.2974107
3.6187997,2.7686532
2.986363,2.7477117
-1.4133326,0.083363734
4.2495813,0.21995787
5.4411554,-0.15057677
4.9866548,8.751988
-2.143527,6.218259
4.5754857,-3.0019178
5.1346745,-1.052375
-0.7726889,1.3091904
6.9696965,0.048484035
5.579562,-2.0431566
8.400519,10.394806
6.400215,-1.5543313
5.5654783,0.039454535
2.5549157,-2.6539218
4.840734,-1.9137766
4.748271,-3.4169066
-1.434957,6.562565
5.8091826,8.726142
5.3577886,10.268541
3.7632184,2.1335132
6.6707473,-3.1401079
2.946166,-4.9543247
6.757532,-1.107678
5.4626193,-1.9910547
-0.72779506,0.31428277
-1.7445079,0.27079925
5.577257,-3.0282242
4.7533283,9.140119
5.239089,9.58771
3.6762629,-0.61013055
6.3175025,-0.011769161
3.5188906,-1.1635709
2.5478907,-1.0504031
6.1313105,-3.5042014
4.050973,-1.6240684
-1.3283801,1.5962003
-1.8506768,6.1122093
4.6388226,-2.3946488
6.8553658,10.12235
-0.7334211,0.66782683
5.840815,10.389619
3.8680754,-0.04661231
-1.6964124,6.3037524
-1.1408455,0.273862
4.0888596,-0.29596138
4.9153366,9.932618
6.765854,-1.7379905
6.5273447,-2.7148795
3.2896073,-1.6922424
4.6534686,-0.33722886
6.8834004,-2.3761177
3.0330493,-2.8090835
4.2596736,-2.5862856
3.9224584,-2.4181669
2.687884,-2.1510875
6.4328017,-1.2917744
4.5843186,9.437779
4.517764,2.5119448
5.5203686,-0.4772256
-0.86718524,7.1246414
4.7194204,1.1286371
4.2241783,-2.9269214
5.4892473,-2.5896318
7.1331973,-2.3109822
-1.7439567,6.841341
2.7226918,2.6867328
4.583451,9.853102
5.271974,8.803127
2.4676034,-1.3398037
4.2263403,-1.7410858
4.131071,0.8642908
-1.5367709,6.59469
3.4548595,2.6626542
5.842535,-1.9495598
2.8477478,3.0840192
3.9085824,3.1065836
-2.0415263,0.65973246
3.5325568,2.8772314
5.666876,10.462798
3.4286716,2.459812
-0.9413557,0.66492164
7.599587,-2.2978241
7.422921,-2.4539819
3.5489342,-1.7363937
-1.3168575,7.215271
-0.58887285,1.0258319
3.4353278,2.196599
6.6967998,-0.04231945
4.6430497,-1.3531195
7.2189736,-1.7250172
4.5403314,-1.5339462
5.286861,-0.8900549
3.5999155,-3.5646026
6.2424936,-2.5829391
5.330673,-0.5374889
2.9307234,-5.364173
5.1438613,-0.51558614
5.9080195,-3.803409
4.7604566,-2.6153426
3.6655607,-0.5411064
-1.1415731,0.6224182
-1.1050357,0.37762612
2.727132,-0.3699443
0.17381103,0.8186836
4.9247866,-3.639166
4.680037,-3.2831492
4.801363,-2.9555726
4.7494726,0.6888201
3.768983,-1.7353977
5.1559143,-4.151612
5.1623964,-0.6314266
4.807429,9.995167
4.2329254,-1.713486
5.9723725,-2.3297198
4.3773603,-1.8598475
6.571107,-2.5654082
3.199129,-1.4405731
2.7692387,-5.811136
4.805732,-1.4192188
3.2264013,-0.8494318
3.6397097,-0.39715123
3.441407,2.2718232
6.282044,0.042911813
-1.0416101,7.280559
5.512066,0.7555802
2.9512043,1.7108766
5.7756033,-1.2626029
5.369345,10.48136
-0.8776985,1.5949085
5.2759814,1.265254
5.817163,0.4081587
5.1081147,-0.46624276
-0.26863503,7.0335155
4.975754,-0.8820003
-2.1414852,1.0750024
4.9519677,-3.7138376
5.772036,8.8722515
3.7098787,2.6197696
6.1688848,-3.7961051
6.6950026,-1.6636579
7.110704,9.718521
7.181902,-0.4475181
3.22388,-0.5558262
6.1894145,10.267992
3.3390465,2.087594
4.5850096,2.0301862
3.806491,0.5480243
-0.9908774,7.0915394
3.218977,4.1172676
5.7872458,-0.86404204
6.121504,9.125887
6.859882,-2.636584
-0.2929052,0.2985393
5.406791,-2.952226
8.414313,10.59311
-2.3032246,0.440678
6.0368896,-0.4724244
6.071165,-1.6427095
5.779689,8.578067
-1.5451645,-0.036051497
4.8326383,-2.2411954
5.561184,8.623529
-0.71202505,6.681127
7.547882,-0.92676455
-1.3861058,0.58907884
5.2898526,-1.2526591
2.0847096,-0.707218
7.122126,-0.027316548
5.621388,0.84421134
5.2634478,9.900606
6.848809,-2.8730092
5.2001657,-0.032864813
-1.799521,6.4613514
5.7841554,10.391133
6.310314,-0.64770204
6.416804,-2.9226322
4.0288215,3.1593995
-0.54288477,0.78006536
8.049901,10.505011
5.012966,-1.1422461
6.3494515,0.24025771
4.883758,9.425074
2.8739014,-0.92603135
4.1192007,0.29810715
-1.4500003,0.8702672
5.733935,-1.3243986
2.5920284,-1.6839511
4.3119664,-2.9852884
7.109247,-2.1598933
4.868864,-0.01834891
6.6461306,-2.8520057
5.850313,9.846775
6.219888,-3.433903
7.225267,-0.053833485
5.587523,8.853349
-0.80795383,6.982623
6.199338,-0.37592143
3.6050105,0.46272233
-2.2238472,1.2706252
5.9309134,-3.7005172
-1.4329145,-0.054145195
-1.4785818,1.1410209
-1.6802372,0.36157814
-1.1455199,5.833462
3.362422,-1.9781622
-0.7498266,0.9353418
2.5849235,2.388392
7.212661,-1.1226166
3.0288122,0.5189268
5.072123,-1.1232239
-1.2861807,7.558889
5.844983,9.432478
6.140789,-2.3911972
3.8096416,-4.5200796
5.9732876,-2.1684341
3.9070818,-0.7379239
5.801862,-0.8460077
7.795158,-2.5109572
2.7278235,-3.8966305
2.9369485,3.4562373
5.1619015,-1.6574796
6.024605,-0.22066638
-1.1312022,1.3312414
-1.8587465,6.0797577
-1.6740439,0.48527277
5.147864,-0.8316154
7.573927,-2.2336628
-1.0887693,6.0252094
4.7047434,-2.637506
2.7075124,-1.2619351
-1.0230864,6.22196
5.625716,-3.8604705
6.0265036,-0.46775916
4.479918,0.8399454
3.535845,0.674178
-0.9690044,0.39156297
3.8477468,-2.2030654
3.6999133,-0.36753172
-1.9549208,6.1060405
-0.3470342,6.656556
3.8972912,0.14607134
3.290984,-0.18639094
4.054712,2.8959844
5.351887,8.3946
5.3985405,-1.943302
5.359164,-0.17693548
3.2099628,3.9397898
3.1234035,0.74658984
4.1835756,-1.3685615
4.5512233,0.6090698
4.395077,-3.613503
4.5599337,8.982514
2.3791244,-5.696086
-0.5459129,1.2866371
7.048981,-0.07330668
6.631324,-1.6720831
3.2123723,1.4366734
-1.4044305,6.6251516
4.3117547,-2.2501788
5.651889,0.47307825
-2.4583263,1.5897455
5.4928927,9.481452
4.323061,-2.646662
4.299648,-1.590221
-0.83473617,0.5261776
3.9900188,1.4353061
4.58439,10.069656
6.7618675,0.26043588
4.303139,-1.5655941
8.350398,10.446582
-1.9632586,6.021964
5.9986124,-2.7206063
6.1886115,9.656308
3.1265988,3.6769385
-2.0928326,1.5684077
4.7105837,-0.58213127
-1.4127431,1.1024339
-1.5386782,1.1627128
4.915052,0.3667642
4.4038773,-1.8733034
3.3382804,2.9003475
5.2618766,9.737194
6.7759886,-1.2485142
4.430655,0.49396572
5.3631454,-1.2528108
4.082879,-0.74945146
3.2808561,-3.138282
3.514182,-0.6057225
3.2955892,3.3702784
5.3692183,-3.7883878
3.9103212,-1.3286015
6.280596,-1.8094066
3.6221056,1.8978597
4.6737666,9.307581
7.1480293,-2.206578
-1.3660496,1.0525815
6.0878377,9.983001
5.5108447,-2.1671875
7.1281366,-1.1213739
6.5695767,-1.8707994
8.114993,10.983243
5.088265,-3.4177194
4.2779956,-1.3682828
6.3975353,-2.0698519
5.4657626,1.0467607
6.8805213,-0.51090264
7.0780034,-0.28176233
5.6399713,0.46870396
4.1882243,1.8167995
-1.1110928,0.92355776
4.0633106,-1.0740849
2.6364477,-0.7884213
6.413134,9.02384
2.7699761,2.8637345
4.1133757,-0.62965125
3.4036958,-0.17897284
5.7299733,-3.0382776
6.580435,9.593031
5.278767,-0.18257546
7.0632243,-2.6321254
5.550353,-2.4500442
6.8068004,-0.21919943
8.408217,10.26693
-1.0756097,7.082261
-1.4007953,6.451491
5.2965794,9.144659
6.4246407,-0.6723518
5.810595,0.18901001
4.598201,9.828269
4.4754505,-2.7073467
-0.32481918,6.1419744
3.4795644,1.0623162
4.6493063,-3.0598028
7.2138505,-2.884055
-0.6210035,1.5233692
4.4039345,-2.5529041
3.1603613,-0.16473319
-1.6905843,6.6106625
3.1161742,3.9838564
5.996331,8.925259
-1.2874993,5.8284225
7.2887135,-2.1174333
7.650743,-1.1805774
4.920771,0.40057564
3.6418402,-2.5608983
5.819343,-1.1380956
-0.74030775,-0.25446784
-0.8615991,5.684626
4.688881,-2.3836718
3.4012797,0.15916128
5.2858562,-1.4475002
5.1486254,10.095204
5.289979,-2.6347682
2.6850379,-5.9799275
3.7971776,1.2472417
5.8448167,-1.2568051
2.927719,-1.2028692
-0.30091953,0.3210386
-1.2730908,7.2535725
6.255842,9.094642
4.2926464,-1.4121313
-0.1510254,0.5920867
4.941742,-3.9057772
2.7366123,-2.1592739
-1.8047489,6.642797
-1.3768369,1.1030923
-1.0784875,7.5269747
5.0642533,8.862479
3.838085,0.97332054
2.3431606,-4.9520917
8.135677,10.687421
4.899881,-2.994231
-0.6085556,7.30821
-0.3597577,7.005581
5.4639025,9.067879
3.8083854,-0.12704828
5.918285,-0.6622299
7.5762086,10.588388
4.459777,9.69932
5.796116,-2.1776876
2.6924162,-3.5129435
6.233566,0.36252952
5.036282,-1.7146618
5.1514463,-2.6426792
6.3472896,-0.28721046
3.4188404,-2.4465475
6.464693,-2.8389525
4.7012415,-1.2909958
4.592657,-1.0220679
2.4971757,-5.8075714
4.4415994,-0.6485773
7.3469234,-0.16600668
5.3896585,-3.5584552
-2.574962,0.78147763
-1.7262946,6.552667
5.2581863,0.91409093
-1.8228459,1.5605887
-2.2142928,0.20490587
6.5515947,-2.5625427
5.6775875,-1.3998159
6.804982,-0.7193719
6.3429203,9.04864
5.43118,0.40426716
3.5762963,-0.062086087
5.04166,-1.6820265
4.391242,2.571271
5.8960176,-1.118366
5.6432114,10.171479
3.9372313,0.17541575
4.0093775,-3.0447695
4.452538,-1.8577279
5.447418,-3.7507067
2.6787698,-5.661892
6.161948,-0.9805682
-0.32474068,0.41301712
5.186751,-3.7243505
5.2671223,8.891866
4.9648952,-0.71667993
2.936401,-1.3310192
5.335286,0.61071384
-1.8488758,6.4539247
-1.8372958,0.62041533
6.264725,-1.82494
7.25021,-0.7632519
4.089701,-1.9210416
-1.6592493,0.7546767
5.5242367,0.85043824
6.2130203,-2.6758668
2.5678287,-3.6612897
5.2825875,-1.4496793
4.969227,-3.4808574
5.724619,-0.7605393
7.434715,-1.5154346
5.3333616,-2.3024313
5.028127,9.446006
7.55267,10.505918
5.945704,-2.4842746
-0.037266426,0.3678127
5.6761074,10.022781
-1.4387927,5.940313
4.324089,2.9784055
4.6026945,0.060695626
6.071061,-1.2333068
6.2293787,-2.8898776
4.8905725,-2.5609746
6.414026,10.042844
3.3804643,1.2164216
5.0442386,-2.50135
6.7986007,0.6503014
7.9478755,-1.8613352
-1.5770088,1.52132
5.4186244,-0.5623879
3.8098545,-2.4350574
5.1922565,-0.98342395
6.056369,-1.1621549
4.3734407,-2.5844958
-2.0910285,0.26406887
-1.3858446,6.146539
4.1777387,0.41688222
4.5870333,-1.0200616
7.7771096,-1.442932
5.8624516,-1.6409647
3.4591656,-1.3055531
5.4182105,10.011502
5.9872537,-1.3185384
3.6936548,-0.060419783
5.336742,-1.6785185
-2.0982468,0.9586816
5.2130027,0.2241865
-1.6763136,6.077681
3.773197,-0.31154782
6.1373796,-0.058565836
6.2778125,-2.2611406
3.1794956,2.91445
3.4253597,-2.0490913
3.4742124,-1.3499093
6.356001,0.77539223
4.930692,-0.18240468
5.4809713,-2.8234885
3.9878376,-2.072376
6.0108514,-1.1775695
5.021889,-2.2594452
2.8852148,-6.058611
3.3111656,3.6468403
5.9281898,8.818952
3.8175676,-2.6503859
6.2699738,8.985758
3.9278963,1.5131088
6.53685,-0.6052116
5.628481,-1.404619
3.4645355,3.0865872
3.780941,3.3160233
-2.0263543,6.5534453
4.7705936,-3.792267
5.128327,9.448701
-1.0944514,1.0771314
3.2050762,-4.6995726
6.3217206,-0.022584239
6.2211485,-1.7259439
3.5293,0.21149854
3.5615485,-1.3975122
7.078194,-0.5206736
7.4199357,10.240664
-1.9897577,1.656191
5.19945,9.604121
4.9816065,10.216383
3.2768724,-1.1237406
4.8705072,-2.7075057
4.1518774,-3.1786005
4.169171,-0.11688652
2.5016024,-5.2524447
6.11626,9.322066
-2.4213524,0.5552849
4.7825003,9.045653
-1.9058255,7.2392282
3.0324447,-0.1985684
5.243174,-2.9174426
4.4162745,-1.3632646
2.621395,-3.3656027
3.8433821,0.5761511
-1.6149724,0.3176763
3.6833317,-2.4639022
4.8771005,-2.5192678
3.099097,-5.678606
5.2273073,-1.454666
6.7037244,-0.85661113
4.6511083,-2.181641
6.540187,-1.9121763
6.532577,-2.4974763
4.599331,1.1071951
2.7126563,-1.2649109
5.2003655,10.427707
6.0513124,-2.482449
4.2198057,-0.77019036
6.9359818,-1.8298205
3.3730216,2.814821
5.4141407,-0.17605327
6.129103,10.006036
4.8088293,-1.7481803
4.0770483,2.9500968
6.8727226,10.035565
5.235934,-1.4810283
5.500877,9.171675
3.580186,1.9104668
7.3396883,10.494131
2.780296,3.4551003
5.54533,-1.4371486
4.8714833,10.442489
2.521126,2.048607
7.4737277,-0.66874623
6.288406,-0.71347374
4.5840373,0.44735622
3.8212907,-3.2301528
5.8395443,-0.110843785
-1.3565161,0.43023783
-1.092429,7.548603
8.215365,10.561854
-0.27353525,0.4525183
6.8385725,-2.059763
6.3049574,10.001232
3.7423704,-1.8908292
3.0020015,-0.96123874
7.524507,10.391877
7.1816735,-1.1147286
2.8576488,3.5389054
2.7048898,-0.18227126
4.4894643,-0.4945561
6.588153,9.1332445
-2.5198078,0.39835572
6.6318545,-0.33036327
3.7902572,-0.41733253
3.7753086,-2.6476207
3.3344924,-0.29707664
3.1113648,-1.5028088
5.3919477,0.047191106
6.64651,-0.009362576
3.381358,3.912532
2.998345,3.9459488
-2.2145865,0.004022026
2.5439663,-2.6566095
3.369675,1.1560938
2.8004644,-2.0544956
-0.90755004,1.4249656
-1.2604151,5.503995
4.865026,-0.62024426
5.3489895,-2.5370066
5.7850733,-1.685481
3.239534,3.5964506
5.704266,10.075536
5.8953786,8.7033415
-2.2458577,6.404597
5.887266,-3.1445303
-2.0537627,6.756216
5.634838,8.901755
-0.4154515,7.1896234
-1.0583986,7.3042254
-2.6124127,0.30939013
-0.36938113,0.33937225
4.2748556,0.1117377
4.365036,-2.5544183
4.4071646,-3.2986083
-0.8219423,0.96921605
5.271881,-0.47851047
3.658258,3.009085
-0.46668893,6.9155936
4.9616165,-1.2032676
3.9997056,3.3563035
5.6995964,-0.1280901
3.1800284,-4.4422183
3.5132008,1.9286113
3.919768,-1.575404
3.3295465,-0.23309125
-0.9018942,1.0161359
7.0134563,9.887198
6.064865,-1.2264034
-1.4629755,6.6125817
5.102178,0.9276761
7.1439066,0.1833399
5.0472584,9.563958
5.3252025,8.7190075
3.566241,8.08846e-05
4.3259234,-3.231088
6.280883,-2.0921257
-0.1739764,1.5665221
3.0511696,-2.645825
5.017321,0.84529907
4.2829413,-2.5252676
5.050453,-0.6918051
-1.2346683,0.7698556
7.250129,-0.16968252
6.878913,-0.16083106
5.8986163,-1.1890063
3.9388044,1.3082252
5.8561435,-0.8663988
7.508887,-0.84811944
3.1370943,2.8664594
3.2508578,-1.3763574
6.9114013,-2.3185136
6.4240246,-0.6344726
3.2124844,-1.2548577
5.0683346,-0.35782695
4.09576,0.74941474
6.906305,-1.0232811
6.1579914,0.21554393
5.0247154,-0.36610085
6.727023,-1.2858316
-0.5087349,1.4308699
5.132172,-2.6787481
6.443749,-2.990118
4.616016,-3.3024905
6.0711393,0.31885514
3.5601068,-0.22381121
3.354218,-4.941997
7.1660357,-1.7875155
4.8341165,-3.191657
7.4615526,10.279836
2.9580886,3.631399
5.5263734,-1.1508555
3.41298,-3.3900182
5.2788067,9.379386
5.846428,-0.8586232
4.858139,10.125739
3.8410501,0.40455124
5.52923,-1.7725697
-0.6100164,6.5292373
5.8971834,9.256491
3.2520227,-3.2690113
4.1715693,0.9963174
2.4018195,-5.736943
4.9127145,9.376621
-2.2260892,7.147701
5.1874394,8.974745
6.6703377,-0.32843623
7.0302706,-1.707057
3.521771,3.6336865
-1.8892285,0.46313453
5.253788,-1.0904052
5.2087235,0.666921
3.3352401,-0.49845958
5.5787625,10.578028
5.264917,8.872107
5.0007625,0.4872678
5.550172,-2.786045
6.718347,-2.8481264
4.520896,1.2669849
4.5007734,10.155056
5.0053077,9.814984
3.9141486,-1.5309793
4.304007,-2.3489647
-1.3845898,7.431423
-0.44694448,6.5475907
3.6111567,-0.30422223
3.02678,3.362851
-0.80722874,6.2853713
3.9343421,0.99853724
2.8977237,-1.4250423
8.244557,10.564332
2.824454,0.96343386
-1.9231105,6.3269343
5.5823083,0.5972669
5.4776497,-0.22319944
4.296529,0.15796825
4.2828984,-0.6583897
5.420962,8.513174
-1.9632957,0.63372904
5.2932563,-2.2285786
3.309959,1.803479
4.7077756,-0.98798066
5.024628,9.193056
3.7096844,3.499518
5.806047,-0.30627385
5.896088,-1.0189046
4.4308896,-0.43633604
4.964395,-2.154272
6.6872935,-1.0772349
5.3207526,9.481483
5.0932274,-0.98608255
4.1985483,-3.606123
4.085451,-0.5254976
6.03503,-0.7716838
4.7903757,-0.23834649
1.3696566,0.06436628
4.30788,-2.092767
7.363826,-2.643393
4.6416974,0.22920376
-0.54088724,6.2148786
-2.1796234,6.54663
3.700086,0.7223226
3.7383707,0.37834516
4.861871,-3.0170488
5.371056,-1.0541502
5.5662184,-2.3303504
-0.84091663,1.7599589
3.3485227,2.0641382
5.882355,0.50528604
7.7587347,-1.3541856
6.238349,-0.81453794
4.649751,-1.4519964
5.2337384,10.629596
-1.1752268,6.4362006
-1.5998688,0.52191126
5.7889924,-2.0641124
3.9926615,-3.456995
3.6034884,3.5157285
3.6949363,-3.0877562
7.505994,10.535625
2.55788,-2.312731
2.5578146,2.864351
3.2787812,3.7502809
5.231762,-3.518168
4.9449306,-0.8675359
5.3881354,0.19657739
4.6548395,-1.2127789
4.6263514,0.011451879
6.921557,0.36515906
6.6219153,-3.0648563
5.4372487,9.858876
4.5690947,-3.856354
2.3445237,-5.4092593
5.8370824,-0.14637415
4.721854,-0.26342562
5.7621765,0.12747177
3.0873914,2.7650318
5.137749,-3.6477044
5.725094,-1.7862101
5.135361,-3.2236812
7.347049,-0.95860523
4.4780855,-0.59166986
3.4212704,1.5697751
6.122732,-0.4235
4.4888735,-0.97081506
-0.53375435,6.7313833
5.470795,-1.761286
4.21638,0.09536973
5.4061313,9.394378
6.1232386,8.407352
7.389277,-2.7806852
3.286827,2.7953076
6.7801814,-1.5849105
2.642882,2.760091
4.363506,-2.9924207
4.87275,-0.9180512
5.8108387,-2.8979297
5.5548415,0.741132
3.6346881,-2.5470107
4.0686088,1.0163107
3.0831692,-1.7087803
-2.1573746,7.1237187
-1.3751899,1.5743351
-0.9234111,0.61923057
-1.080051,6.5637355
-1.3686872,0.29967824
6.8494544,-0.8123394
2.9233732,3.0589385
4.882454,0.9561444
4.088981,-2.4210005
5.0916214,-1.8642807
4.042276,-0.88816047
5.953267,9.000433
5.2126503,9.308804
5.7705817,-2.4032264
5.7886934,0.73173904
3.9066632,-2.4631448
3.2651997,-1.3262671
4.633387,-1.6007304
-1.9620323,0.5335536
5.247669,-1.4440618
5.295724,-3.724549
3.737312,3.4994166
7.995875,10.707116
3.1043618,-2.6125193
6.4629316,-1.151143
4.63841,-0.8125698
4.360933,-1.0834641
6.467676,-0.64648575
5.5157146,10.03395
4.701627,-3.2845285
3.196321,3.1678379
3.9781208,3.5018275
7.811811,10.554769
4.8662214,-3.2966206
0.25837052,0.3551732
4.084082,3.2830505
5.400839,-3.370945
5.60594,-2.6608386
5.7301254,0.82049024
5.8636026,8.997993
4.0693994,-1.6984113
-1.07267,7.002089
3.6003153,3.3404229
5.0662823,-2.9367256
2.6529744,-5.9742246
6.4698286,-2.6689885
4.0587006,2.7463818
-1.0590682,0.08127894
6.726497,-1.913582
5.01524,-1.4790467
-0.85302174,7.0778027
3.9261117,0.1594946
7.0934997,-1.3147527
5.8085923,-1.5975331
3.6767044,-4.775798
4.7785993,-1.0664381
2.1149437,-0.03730602
5.1657324,-1.4437848
3.6398053,-2.8816738
-0.9679991,-0.20850801
3.6393201,2.553487
4.3377805,-3.8581524
5.9931297,-0.66927063
6.0963907,-1.933948
6.1312895,8.742677
3.619821,-1.2095963
6.430478,9.400295
4.2374783,-1.5599958
5.521983,-2.5100508
7.3322825,-1.2417717
5.854002,8.860035
3.26389,-2.6804912
3.9288821,1.2687236
5.563304,9.443818
-1.2612045,1.5374085
5.6037436,-1.971316
4.9168735,0.48571944
-1.9713194,0.29979107
3.9821563,2.7121243
3.0202355,-4.0613904
3.108147,-5.220648
7.2535157,-0.7082667
6.0502095,0.3680999
3.9667523,2.1059923
4.2517123,2.0546594
3.381701,2.6892998
-2.1629133,6.819668
5.3978505,-1.5863981
6.9742765,-2.3466725
5.803634,9.0866165
4.3081574,-1.4836408
2.9596782,-1.1753792
2.930113,-1.8166186
7.4556437,10.820137
4.724542,-0.5576582
2.5786896,-2.0746307
-2.0478826,0.04801133
-0.7352765,7.002698
-2.4866166,0.459635
2.7441955,-0.37780425
4.5145226,0.8903593
7.187897,10.705569
-1.4632049,0.10017197
4.493298,-2.0928204
3.6743398,-2.302618
7.1109686,-2.8738785
5.3990836,-0.8248522
5.9992614,8.499266
4.9559345,-1.1100647
3.1823564,0.7507605
2.4218109,3.3764021
3.5382416,-2.3647175
4.105731,-0.33302283
-1.2612493,7.341698
3.7319937,-1.2231393
5.964964,-0.75699204
3.3952289,-4.6548777
-1.7913499,0.3408297
-2.3491156,6.892597
3.0094755,-0.6128406
-1.0411484,7.2993493
3.3068383,3.0794246
4.1977944,-1.0864817
5.7593665,-1.0677603
5.5530505,-1.6892111
3.0610516,2.537048
6.4533057,-1.2271217
3.6665304,-3.1311512
4.174939,-2.7745378
-0.69370824,6.6171355
6.256983,-1.4007086
4.2090883,0.4893776
5.02522,-3.0496018
3.89282,1.6482489
5.4350486,-3.6298256
4.663351,-0.27143893
3.1339219,3.095286
-2.0435197,-0.004889406
-1.8711745,1.283531
4.6739554,-0.70921326
6.2727084,-1.4717188
4.893815,-3.8957741
4.8423705,0.39077422
-2.0175903,1.3667897
4.4835453,0.64323294
3.4895213,0.75526386
4.7282095,-3.836921
5.628915,-3.4128616
5.240547,-0.80784005
5.2665424,-2.5152302
3.0124629,-2.3594391
5.0608263,-0.6341593
-0.46250153,6.3188024
4.1585393,-1.7270751
5.031883,0.160824
3.7505875,1.793045
6.439925,-1.0950425
6.1124225,9.628829
4.397488,-1.6577232
2.7989812,-0.13133816
2.5645967,3.0873976
5.348128,0.005540826
4.606795,-0.67862827
3.052171,3.714263
3.4719694,-4.156518
-1.7424959,1.0483909
4.274165,-3.4864094
6.399781,-2.7261539
4.070503,-0.89735293
6.1112537,9.356032
3.560173,1.5726222
6.7559905,-3.0482652
-1.3472795,6.7516003
-1.0671375,6.241471
-0.84685725,6.918378
3.176386,-0.7739973
0.49770102,0.66469306
4.932888,9.407581
6.014051,0.082297675
-1.7617499,0.12118229
5.363155,-2.2230701
5.850867,9.113543
6.469338,-3.6300921
4.1490116,-1.5320933
-1.0678732,1.2168134
5.2671947,-0.13792384
3.0421374,-2.497534
2.9426608,-1.7118515
-1.0593657,0.5807589
7.807051,10.938216
5.847097,-1.9505137
3.7518187,-1.0654634
3.5087488,-3.9936483
3.5277183,-1.2475727
4.8592772,0.23127796
2.687799,-5.4883657
3.5604777,-2.8081367
5.90308,1.3476692
-1.0465385,0.9589181
4.65281,-0.39654118
0.6983985,0.818969
2.5586863,-1.7442887
3.90308,-3.3117757
7.424379,10.672351
-1.3091904,0.5328089
3.226854,-2.2304928
3.4555695,1.922666
2.704425,2.8978033
2.4952016,-5.4559216
5.83061,9.780481
5.2800035,8.990223
3.9224448,-4.2172804
5.0678253,-2.34784
-2.6006548,0.6034232
4.0728507,-1.8247548
-0.9268703,0.45293564
-1.6382666,0.22913894
-0.9186346,0.10297612
-1.5217624,1.5425324
5.390821,9.294685
2.3250105,-0.59339213
3.438729,3.9614856
6.320718,-1.1435534
6.0974927,-2.264056
3.8034065,2.7666852
-1.240869,7.34531
2.9908297,-0.27874196
-0.74842775,0.3551951
5.009165,0.28440967
6.859436,-2.2247646
3.8412416,-3.374351
5.719898,-0.42749873
-0.67472565,6.9891276
5.2860947,9.423447
5.7471533,-2.5578709
4.2027125,-1.2599491
5.746977,-1.5063072
5.3347015,9.8081
4.1302447,2.0555558
2.8569224,-2.526273
3.135836,1.0697441
7.222155,-1.1967217
5.439216,0.8920469
3.9383404,-0.17581405
4.494079,-3.808813
3.5441823,3.5602975
-2.1613219,0.9468298
7.8600287,10.771226
6.1410503,9.161129
2.5409029,2.0360875
5.864306,-3.6295846
3.389381,-0.63066834
6.9535847,-0.8524092
3.9637058,-1.1949363
-0.78854465,0.46294722
-0.5325328,6.467802
4.844366,0.20825346
-2.0580778,-0.23547901
6.323759,-2.6225421
2.7138474,-4.8654838
-0.56715757,0.5744397
5.5622563,-0.791743
4.8426595,-2.96671
5.6442547,-3.0216227
-2.3100252,1.4172263
3.4299648,-1.1210283
-1.2063326,6.845272
3.1084833,-1.0188805
-0.89677507,5.9774346
5.7710214,0.15266217
-1.1522318,-0.23769231
3.508927,-1.6358776
6.339137,-3.5802946
3.3783526,2.0681274
6.795224,0.14919783
5.92495,-2.2247849
4.5855374,1.1245662
3.1045547,-1.9413643
6.004345,-1.0875106
4.2178845,2.762154
5.645532,-0.40381134
-1.3120543,0.31218112
4.3728127,-1.2519814
3.7989416,2.8600912
5.4633007,-0.57153106
4.505539,-3.4985857
4.6156735,-0.46616003
4.478166,0.343731
6.0345364,10.010949
5.7940845,-1.6766671
6.466338,9.07494
4.7830496,-3.6086528
5.5600424,9.219022
5.628388,-2.0913956
5.2626634,9.517125
5.532405,0.4477626
-0.5288838,6.2852583
-2.2512202,6.5593786
4.7237496,-0.12371058
3.5629735,-1.6591487
3.045321,-4.2175217
6.9654818,-1.3753182
4.7007947,-1.3962085
4.342046,-2.7002025
5.2359915,-3.510893
6.248053,9.024035
4.8938274,10.050841
-0.19856587,0.41595778
4.910469,9.233966
6.344464,-2.638409
3.4743092,-0.23640415
3.0377324,-3.2544448
4.325519,-2.9738278
-1.3789462,-0.1997083
-1.4485524,0.4449318
5.2204804,-2.158977
6.656024,-1.5477107
-1.822535,1.2156155
2.977689,-0.41784346
5.8606153,0.15944377
3.1872942,-5.571921
4.6507864,0.74863607
3.4832597,3.639312
3.3516583,1.2444113
3.5895493,-2.9584067
3.1005907,-0.6225159
4.3378677,-1.1670604
6.910318,10.2
7.3232026,-2.6051087
8.351722,10.542446
-1.8895447,6.85513
4.842776,-2.9030752
4.005191,2.5596533
-1.4072297,7.531485
5.187975,-2.8762922
6.136196,-2.2895837
4.8181624,-0.7730727
-1.9171475,7.0069537
5.4869537,9.436498
6.1135616,-2.8822112
1.672545,0.6063224
-0.5358506,0.93594396
4.310494,-0.82580304
6.3618536,9.453842
-0.32416877,6.1898017
7.3451166,-0.2049551
-1.5142446,6.120889
-0.57745653,6.7567163
5.188361,-0.21599898
3.4048834,-0.75872874
4.637133,0.43216103
-2.1664622,6.9622865
2.8156736,-5.622615
3.6951032,2.534856
7.5883613,-0.4641108
3.1359773,0.9350329
-1.3469297,6.013971
-2.2693217,0.88577616
6.027739,-2.0768633
2.748129,-1.6799346
5.0481787,-3.822455
6.5671864,0.15808363
2.4980943,3.0934012
3.6742816,-3.092769
6.637578,-1.4982382
4.8469124,-2.8304372
2.9094293,-2.9913282
-0.57210785,0.03329711
4.4586253,-1.2069087
3.0375667,3.0063968
5.401754,-0.49361774
3.7734847,0.26541865
4.9703217,-0.21404625
-1.2529366,0.9323786
3.8452244,2.4408844
3.4223137,1.5421742
7.470783,-0.30008543
4.6908784,-1.4741104
-1.016399,7.0787473
3.3382924,-1.7825744
3.2230392,-1.637545
3.1583197,-3.1917033
6.0926576,10.421017
4.9634175,0.06207009
5.5114036,0.21872966
4.3381042,1.286717
5.789225,-2.2354617
3.8513916,-0.521365
1.852912,0.56481093
5.0496655,-2.2097685
3.84321,-0.019911714
3.2186074,-0.71495706
-0.8096027,-0.28492552
7.1258554,10.546763
-1.030882,7.010996
5.9771876,-2.2807837
5.660857,-2.907647
5.9922013,-0.30916405
6.765753,-3.5826163
6.8695626,-0.693281
5.997337,9.637164
6.139125,-2.868404
-1.9082353,5.8743157
4.6354127,-1.7742333
-1.2929064,6.197866
4.8665757,9.957973
5.8927026,-1.0314779
3.242849,1.5322194
-0.5454822,0.20262374
6.914196,-3.373266
5.314707,-2.5668511
3.6805785,0.10196306
3.812526,-1.0640656
7.106363,-2.4689527
4.842191,-3.4392266
4.2064905,-2.964376
3.0026302,-2.7753503
4.8154793,9.784494
4.738415,-2.4103374
3.709242,-2.048072
6.370948,8.864077
6.451902,-3.1986742
5.2509584,-3.3815114
6.9202886,9.869921
5.8850636,10.15452
6.6523952,-0.30514118
5.9140644,9.702105
5.2280183,0.84517133
4.0822773,0.5821199
5.7964907,-2.5027926
3.0960321,-4.6478333
4.439386,0.95145965
-0.6169048,1.2148618
4.08729,-2.9883783
3.070235,-5.037349
4.7153816,-3.1266026
6.134477,-1.0506347
-0.3620898,0.31024757
3.8553848,1.7449191
6.498596,-3.2963808
5.7664332,-3.3161845
4.7065544,-1.4930583
4.4625816,-2.584288
-1.6964803,0.6030062
2.715759,-0.96082586
5.076593,-0.96709514
-1.0724756,5.642581
-1.046533,7.36116
-1.727073,7.462815
3.43999,-2.1195252
3.6229503,2.0676625
3.7065585,-0.35191742
4.6749916,-0.5842841
6.8933935,-0.0069301515
-2.185669,0.7545217
5.016265,-3.0059779
-1.5012708,0.8231585
3.293079,-2.9563587
4.144211,1.5629051
4.3661923,-2.050121
3.7273033,-2.077708
3.2865133,2.6183138
7.86151,10.190019
-0.69602937,0.35589692
3.2656276,-0.635118
4.26478,-0.31576574
4.9372363,9.201404
5.801421,-3.746292
6.1820207,-0.6814658
3.1279044,1.8642515
-1.0521743,7.4684844
5.764467,10.28541
5.7555795,8.583961
8.048182,10.673929
6.8110323,-2.3755267
-1.8374834,0.9648495
5.6476703,-0.15898202
4.282879,2.9163013
4.6570997,-2.6454294
-0.5477359,6.905888
5.4866285,-0.77925795
3.4155197,-1.9436593
6.4455247,-0.37618175
7.579453,-0.38334027
3.8691583,3.8598585
6.3375,-2.8647919
5.511267,10.169113
-1.2396891,5.6957097
-1.5706966,0.26595995
3.2863386,-2.7931309
4.7184057,9.27796
6.979443,-1.5421131
-1.3430386,1.6516906
5.9163513,0.0900154
3.6373622,-2.2924726
6.073566,-1.6246314
5.2299285,0.5281169
4.03687,3.4106345
-1.5277178,1.4620628
2.6123853,-0.52623177
-0.839092,1.4943901
7.33108,-0.11657911
-1.5584801,0.9319453
7.5295277,10.706217
-0.43730044,0.42060003
5.7617393,-1.3194302
4.565934,-2.6611855
2.9831882,-5.659943
3.6538706,2.254905
5.489809,-1.04103
-0.5032897,6.0748916
-1.1026917,0.3094988
5.9678736,-2.8089895
3.7149456,-2.379447
5.243299,-2.5873475
6.161133,-3.6742904
-0.6835645,6.676481
-1.0361927,7.325708
6.147132,-1.8813004
4.8907056,-1.0238302
6.279176,-1.2473422
4.016311,-2.0674443
7.4276767,-1.3171003
-0.9825247,5.921124
7.0274844,0.20914076
6.365355,0.04083604
5.7540965,-0.15447932
3.613352,-0.3750065
3.6817136,-0.7302986
5.631505,9.143443
7.249082,-1.2954354
3.1087902,-1.0825566
4.459059,-1.1956687
2.7314239,-2.8362322
5.800438,9.162919
6.4603486,0.43270406
2.877288,-4.9767737
3.3658173,0.3822218
-1.7154179,0.68974954
7.897678,-1.8226159
6.0274673,0.3538293
-0.6502195,1.1664989
4.504655,-0.7616435
3.0004432,-1.7443627
3.9153492,-3.5172925
3.3297036,1.3359693
5.6850643,9.198237
-0.41655844,1.0314913
6.0685577,8.956712
-0.96574,1.1570421
2.9960604,-0.7328774
5.6537757,-1.0602518
7.8587565,10.945383
6.0196633,0.5237026
5.343749,-1.9577668
5.4224935,-1.1084571
5.1591363,9.460442
3.2270856,3.3102877
-1.0411707,6.528438
-0.73469174,6.7687287
6.374258,-0.48076132
-2.5502882,0.9298384
5.624197,-3.6790054
-0.62010807,0.29834074
7.2550483,-2.455824
4.785467,0.8184142
5.4362226,-0.5035259
4.8294697,-4.2148104
5.940109,9.170523
5.5695195,-0.4308919
4.94118,0.9999651
3.8074806,3.6785307
4.63766,0.16606846
4.62115,-1.3772281
5.9599447,-3.2058961
5.331703,-2.7130215
5.299578,9.360948
3.215781,-0.3179432
-1.1222062,1.1310177
7.021908,-0.49784824
5.8030715,0.012886804
2.9199243,-1.5196204
4.2000628,0.79927886
5.2225084,-0.57863903
6.5563083,-0.93366814
4.0085835,-1.3923956
4.153952,-3.2002027
-1.0138975,5.5572176
6.7232027,-0.9033893
-1.5050985,6.5180116
2.7132916,-6.212087
-0.1130523,0.87361455
4.5842676,1.3651251
5.4644523,0.04843163
7.4434147,-2.2814658
2.7554736,-1.9178782
3.2492764,-2.5035536
3.5319452,-1.1916974
4.6155477,-1.8311808
-0.7889438,1.1204503
2.5244932,-5.178554
5.4070115,9.922521
4.202088,-1.8578986
6.24601,8.79442
-1.4458544,1.4339666
5.498099,-0.61902535
-2.071118,7.216584
6.0747275,10.197442
3.9374418,-2.4151354
-1.4594057,7.3921366
-1.3204411,-0.15488929
7.595375,10.846473
5.0936003,9.976004
4.9435124,-2.6347961
-1.5065305,7.3188014
5.2821865,9.749969
2.852317,0.8481179
3.369755,-0.6781936
5.121271,-2.5816946
6.0095334,-2.8963284
1.3638598,0.5948563
4.2398233,0.10958835
-1.4991455,7.1584926
5.186102,0.8103388
4.782982,-1.992506
3.8619475,1.8101587
2.8608866,3.4801235
5.74027,10.297941
7.121926,-1.1862621
-0.11255444,1.2617486
-1.3089346,1.1953498
5.7671146,0.62172496
-1.0425146,6.4241824
3.7018278,-1.5841678
3.558072,-0.47803658
5.441711,0.25886998
-0.7187917,0.19911979
3.7075171,-3.1113915
-1.2754177,6.201955
3.2614765,4.0762153
5.07284,-1.1795541
3.534679,0.10011992
4.0473576,0.1911333
3.6130188,0.34897292
3.3291006,-1.3594073
4.446244,-0.8370317
6.3440957,-1.4167612
6.453022,8.956849
5.022712,0.13282605
-1.5165702,1.2933955
-1.6496685,6.4826984
-1.5286326,0.59521586
-1.7706691,0.3380305
7.6447597,-0.61551666
-1.7941587,1.1616504
-0.46191865,6.238124
5.2774,10.257307
5.0226088,1.0614705
4.7584095,9.68384
4.557521,-3.6216035
5.8089666,-1.7843591
5.4798374,-1.7795463
4.280155,-0.53726435
3.1792786,-0.7169894
5.9221706,0.50994706
-1.2141953,7.521622
-0.69992673,0.6439031
6.8451247,9.922174
6.0557313,-0.40584883
2.798135,-1.4952762
4.7762365,-4.1359124
3.112043,-0.8858791
5.345435,-2.411685
3.9100032,3.7195702
4.3498316,-2.55533
5.5276933,-2.2941763
-1.5041075,-0.09362074
4.066087,-1.0719928
-0.6471239,1.2093512
5.592253,-0.5572077
5.0444965,9.973559
3.9563825,-2.6476932
5.4288116,9.186384
8.192956,10.535602
4.166608,3.3056793
7.4903665,-0.8378072
4.591172,-1.1392065
4.2614193,0.19799681
3.3649247,0.04905613
4.443992,0.11144089
5.741162,-2.4426763
2.740325,-5.0084863
4.10631,-3.532878
4.4253044,-1.2669723
2.8128061,-0.9700273
2.90016,-1.431113
6.568192,-2.0717366
5.1428123,-3.4738653
2.893977,-2.0546887
-1.337779,6.5738163
8.286425,10.554949
6.810566,-0.39385
6.532629,-2.593211
6.3685827,-1.4991193
6.5096154,8.742298
-1.6249425,6.1956277
-1.3867171,6.5907135
3.8388596,2.425852
7.178815,-3.0195355
5.5908113,-2.2850027
4.243167,-1.5629987
5.63174,-0.58998173
2.8988369,-2.0572503
5.643082,-1.7030555
3.6824517,1.7847202
2.4693677,-2.5230074
7.538338,-1.3175374
4.765851,0.1358271
2.9387639,3.590682
5.6750345,1.0752753
5.567897,-0.6651842
3.3671234,-3.6872363
4.1566243,-1.5749289
4.1936846,-1.0318441
4.9130087,9.098766
5.0272846,-1.9994059
4.620046,-1.7945653
7.931004,10.397632
5.121918,7.386413
3.2248678,2.6911578
-1.9246457,6.747947
2.9318955,-5.073772
-2.0919893,0.96440613
3.6606236,-1.839374
6.014679,-1.4268748
3.9378185,-3.156348
4.934594,-0.13979457
5.988172,0.41102841
5.660148,-0.13001451
-1.8497739,1.0537188
5.578469,9.347819
3.7242918,-3.3769944
-1.3462905,6.4145303
3.4043128,1.653886
3.9844491,-1.6332958
6.3194785,9.250452
5.2214656,9.748897
5.4437346,-3.2097669
6.06834,-2.8010914
3.057223,1.4485072
4.434213,-1.1460762
2.6733572,-1.1608762
5.951879,9.498956
3.2676187,-2.306617
3.3031836,2.7250361
-1.7077135,1.1158605
6.3203473,9.941992
4.0047894,-0.1900534
6.74572,-1.4252043
6.0931225,-0.19172686
3.9853523,0.789051
-1.2093059,0.8133896
6.5041194,10.269343
5.6184907,8.711221
-1.4595332,5.685089
-1.9074209,6.334189
-1.3562739,0.095147625
3.1289806,-5.7005415
3.4357724,-2.4810407
4.19221,1.8556266
-1.4568869,6.3216743
-0.6246163,5.9448543
2.8100367,-1.7415725
6.080752,0.35053256
4.935449,-3.3844275
-2.150747,0.23319271
6.0478687,0.013147497
-1.1108481,0.687594
4.1469183,3.22683
0.13346313,0.9502162
4.323465,0.37357387
6.8550954,-1.4520696
5.032439,0.9547309
4.3277416,-0.17265566
2.6064084,-4.42496
7.728481,-2.147013
2.4741738,-0.9920448
2.9779,-2.371443
-0.51767796,0.8910139
6.7590766,-0.20644177
5.169259,9.484591
6.28079,-3.4181712
4.537386,-1.2892901
-0.5792626,1.1633596
5.6794953,-1.5790753
5.194035,-2.834071
5.254875,8.560262
-1.6050552,5.7478952
6.1381936,0.50958234
-2.6339784,0.5701814
2.852477,-6.166721
3.541814,2.330443
4.668429,-2.8395925
-0.5480378,5.7978864
6.7209296,-0.74034137
-0.7381871,0.50682604
4.619619,0.32622927
6.0584083,-3.52469
2.130149,-0.3382974
-2.516345,1.1661313
3.5274284,-4.6094913
3.7790134,-1.963347
2.3049407,-5.667272
5.7112985,-3.1138268
-2.204234,0.7642434
3.7641332,-1.9172007
3.5731077,3.03903
6.382843,-1.0014745
6.763413,0.20440267
7.773339,-1.7591538
5.3432913,-2.2969325
5.461338,1.1539052
-2.0175369,1.4337082
-2.2141433,1.2763295
5.3572917,9.739668
6.2631736,-3.3637764
5.7327456,-3.9755256
5.4120317,-0.9487561
6.972659,-2.0679593
3.2681758,-2.9005775
3.6170185,3.2446833
6.2167244,-1.5864637
-1.1965268,1.3437043
3.9914048,-0.79869664
2.8214605,-1.8847045
7.3997335,-1.8938637
2.6275644,-6.014867
-1.1639147,6.7753043
5.772376,10.270565
4.857269,-2.4351873
7.90977,10.792942
-0.6858004,0.4546498
2.7074718,-1.5799683
5.8005095,-2.765541
3.1946027,-2.3774943
-1.0956206,7.0971317
6.7939105,0.22480562
5.701607,-0.33905163
3.2403562,-2.1539612
5.862543,-0.53967863
3.5076451,-1.5680972
4.008289,-0.48241663
8.01028,10.505074
6.1609306,-0.19896668
4.4189463,-0.9967437
6.4067316,-3.5073838
7.102294,-0.22016698
4.814609,-2.0456555
-1.405204,7.095696
7.096681,-0.23014976
8.026982,10.768378
6.5134335,-3.742792
5.6760936,-2.1381984
5.7391014,-2.4232883
4.527446,-3.4634333
-1.8987685,7.282211
4.7802496,-0.15810893
5.4111543,-0.15798412
0.13171677,0.13611421
6.5530777,-1.2509537
7.104236,-0.219738
7.7513504,10.671077
5.309996,-1.2877455
6.481908,10.456448
2.7368734,-4.0310373
5.5956635,9.517354
-1.1231207,6.060229
4.4034853,-3.0646403
4.7709823,-3.0278594
5.7489123,0.65349454
3.3151085,2.7987297
5.683882,-0.7011344
-1.8066968,6.5698347
-1.8428944,7.049365
7.0877814,-1.0210369
0.14165531,0.79490453
5.852563,-1.1465217
3.8061597,-2.4500322
2.9879625,-5.0074425
4.448476,-1.0259326
3.781283,-3.1494875
6.2024612,0.75114757
-1.1256884,0.5450343
4.901256,9.264097
4.698631,9.239211
6.8222756,-0.89857715
3.695538,-1.9213383
-2.3107865,6.4927034
5.807044,-0.50358933
4.4983683,-1.4343675
3.5664794,-1.0300677
4.1520143,-2.6720543
3.0677578,-5.272913
3.0007646,-6.0673633
3.213551,0.57039905
7.064521,-1.3060365
5.3481855,-1.8558666
5.1525183,0.6290809
-1.8611592,6.240237
2.8686328,-1.2615811
-1.9202725,6.6236906
3.1318429,2.6925154
4.689009,-0.73070306
7.985783,10.320996
2.9411197,0.22482397
3.8418577,3.5970244
5.2040224,-2.0937233
6.2196755,-0.20489945
5.459694,0.5666619
3.8757896,2.5467288
4.8520503,-2.371595
4.0722175,-0.75917375
3.0239978,-3.3397584
4.3511415,-1.1512932
6.145737,-1.6300018
-0.7169837,1.5675409
-1.5656579,5.6315155
3.901909,3.1893506
5.66389,8.802295
4.252034,0.19043054
3.2775362,-0.99282366
4.3289757,-0.17259845
4.822985,10.210507
5.6553645,-1.6176686
-0.69246316,6.64181
6.775022,-3.0108633
3.601147,3.5122104
4.547887,-1.563138
7.5762115,-1.6314182
5.3196816,-2.2960527
7.16023,-0.54433364
3.2807493,-2.420623
4.6752744,-0.89385647
5.5771284,-1.514566
6.1292725,-2.8705227
6.116791,-1.7218205
4.369543,-2.5855742
5.5669546,-3.1372967
-1.082124,6.2641044
6.4981527,-1.0555685
4.998756,-0.5546839
6.39671,-0.41463092
5.3946605,0.025870614
7.9610224,10.2895975
3.997015,3.066056
6.6133676,-2.0315957
4.191515,2.3816688
3.0729997,2.1761277
-2.045447,0.7384045
-1.8179979,6.2863197
-2.487608,1.0384933
-2.0691917,6.2399826
7.59552,-0.56596637
3.2831256,-2.9801607
2.5364249,-5.8443527
6.4165773,-0.04528735
3.580293,-1.6486846
7.0815506,-0.2189989
-2.214158,7.0592585
3.2772276,3.6664915
7.076121,-1.7845716
3.405012,2.499991
-0.80601007,6.3166413
-1.5694166,0.69896555
4.602092,-1.4123073
-0.58326167,6.99574
7.2063413,-0.5240761
6.784536,0.1507228
4.2710066,-1.9478183
4.9683647,-3.5450895
2.8447554,2.930521
6.494577,-2.2964594
4.760466,-1.5083283
-0.743774,5.5923514
3.9885256,-1.831317
5.8178725,9.994048
-2.1852102,1.303749
5.4287148,8.765536
4.517163,-1.9232771
6.249561,-2.0931923
3.5793881,0.92663056
2.7926366,-2.291322
5.143609,10.176583
4.1977444,-1.7673815
5.304562,-2.6871316
6.4953446,9.504124
4.8061504,-3.9164143
2.4364035,-5.6131153
6.509236,0.626774
3.9563801,2.2936351
5.8998055,0.15265267
-0.6491999,0.033919692
3.942332,2.1645153
0.47893167,1.0357009
6.3918676,-1.5767598
6.7411847,-2.1952956
4.590664,-0.47431827
6.3817353,0.4253008
4.5101814,-1.9464782
3.2784555,-1.2160854
6.9173336,-2.0505376
7.6336555,-2.1254625
5.8279595,-3.8188927
4.895137,-1.8691678
7.494161,-1.1238209
2.9656837,2.331245
5.8821383,-3.0461476
2.8776631,1.161324
-1.2955313,0.09028583
5.8099685,-2.3951569
3.4557905,2.6837978
4.6029267,-1.9980646
3.0025258,-2.193523
3.2278035,-1.0330862
4.080917,-2.2438493
5.0145164,-3.334314
4.0835996,-1.2713768
7.032605,-2.5169406
2.8189938,2.5122623
-1.0411841,7.2628527
6.964089,-0.2740707
5.2366467,-0.0140042845
3.230206,-5.5171084
2.512356,-5.3361216
3.0146232,-2.4667494
6.5830245,-1.8467082
6.4867163,-1.886539
6.450712,-1.9648371
3.4615297,-2.1115873
3.5589046,-1.5391998
3.8023694,-2.735995
5.655925,0.8958078
4.227422,-2.039916
6.184895,9.417145
4.14339,3.1538339
5.1675816,0.013695967
4.9982553,-0.19503117
2.9516897,-1.372702
4.595626,-1.4239309
3.53442,-2.5246317
4.103225,-0.8071095
5.811201,-1.401332
5.3482456,-0.14772254
4.002314,-1.5693606
5.562026,-1.2928087
6.1340065,-1.4320824
3.5934167,2.7534056
6.293823,-0.52364624
6.8442063,-1.8136677
2.841615,3.1121476
7.0824594,-1.4438082
2.8341584,-0.0058784503
-1.58923,1.0065268
6.318752,-1.9250005
-0.8149254,5.9960175
-1.0059152,0.26360163
-1.0209862,-0.025475329
-0.45437533,0.60788614
-1.1051865,6.71627
-1.763063,0.41433495
7.371878,-1.7500838
4.7024946,0.061309583
2.9006217,0.5781283
5.5220914,0.41220844
3.5698192,-0.013061789
3.8103552,-1.4683008
5.5565653,-0.96537954
5.1210504,-2.6311436
4.999439,10.121495
4.9143953,0.57579076
3.0191066,1.536549
3.8731582,2.811237
4.7134433,8.428953
3.887084,-2.2560325
4.1755443,-1.506568
4.4470186,-1.8798044
4.8019114,-2.464943
6.520992,-1.1889999
6.4826336,0.08562887
5.1054835,0.45332557
4.563946,-3.0243754
6.0119696,-0.104505174
5.200436,-1.2154391
6.265039,9.278603
4.5431943,0.36027718
5.121384,-1.7276856
6.505962,-2.9206681
2.4616244,-5.477894
3.201145,-1.8958734
3.946734,-5.009211
7.9072294,10.584471
-0.7622346,0.95336205
-1.8819201,0.19991161
6.962883,-1.5330426
4.702384,-1.3695166
3.9118934,0.11456666
5.1367655,-2.0593097
5.6413984,0.442496
6.0851874,-3.003871
5.2151604,7.9972577
3.4357443,3.9564474
4.998851,-1.194214
5.601854,-0.9828216
5.3970366,10.020024
5.0500107,10.08587
4.0124297,-1.8917601
-1.4418617,6.652215
6.047102,-0.23494385
5.696713,-2.4014308
6.2063756,-0.4139292
5.831265,-1.3909073
4.7179613,0.6941375
6.7848363,-1.9094242
3.2875173,0.3268158
-1.175993,5.799953
3.5464644,0.74738175
4.4876766,-0.283593
6.057974,-2.509156
5.801656,-2.2887661
-1.6354226,6.5099826
-1.409925,-0.12900995
6.0121694,-2.1129558
5.3879046,-0.8279496
5.6746116,8.937727
5.036143,-0.13814582
6.1388607,9.2901945
5.8153596,9.803954
4.393628,-0.086752355
4.4797716,0.37503254
3.6039965,-2.6716378
3.5716462,-1.9503031
5.610703,10.371504
5.3416815,0.55240005
-1.0463566,6.7670083
3.5357206,3.3821645
6.8255916,10.429364
6.770128,-0.7482457
2.9100554,-5.1951146
-1.5639505,1.2973809
6.786803,-2.7263403
6.584836,-0.7666566
3.8047183,3.7081997
-1.7741941,6.7026153
3.1272776,-4.9965715
5.368296,10.136391
4.7590666,-2.3210793
4.36586,-3.748859
6.2741385,-1.1123407
3.8339548,-2.4214225
3.7960446,3.0522323
3.993524,-1.4411044
-2.2312963,0.5991131
5.4835577,-1.9714316
2.4122684,-5.2156153
-2.2661984,1.0513637
5.0203023,9.124011
6.5025744,-0.7306884
7.511869,10.768594
7.9612093,10.728893
5.3516135,9.968086
3.2781026,-1.0545698
2.868399,-5.905059
-1.5260785,7.4183254
-1.0246458,6.888064
-1.7534965,7.3743677
-1.5751415,1.1833568
5.29809,-1.9366976
5.6286464,9.490072
4.759646,1.9974198
4.4838505,0.5640002
-0.99092597,0.08245791
3.5659385,-1.5893832
6.1717463,8.7711525
2.8996947,-2.0274136
5.8120875,-0.47376284
5.941162,-1.065065
5.55729,0.20019986
5.7087607,-0.17969774
-1.0039628,5.8465295
7.1227126,-0.54970676
5.454136,-3.4201648
2.6016645,-0.59157217
2.3950727,-4.6339016
-0.70227855,6.1092587
3.9968984,0.025172694
4.361337,-0.010715013
3.9542418,-2.0621476
5.4513674,-2.0999947
3.330462,-2.6086476
-0.31581786,0.9791842
-0.44613087,0.54062384
5.9541764,9.846295
3.6570122,-0.8446321
3.5887492,1.9434092
2.7615402,3.6327164
-1.875611,6.453489
7.411427,-0.9469753
6.2656236,-1.0016565
4.5478115,1.1033645
-1.7812426,6.3891263
6.4078064,-2.923981
6.289554,-1.4137013
-0.90807575,6.970988
5.5780773,-0.8282585
4.367472,0.086688876
5.594369,0.74302155
6.2553263,-2.8557327
5.001197,-1.5892373
6.5064616,0.3009474
6.117693,0.5447885
6.6748056,-0.36735037
7.244452,-2.5782037
3.1498857,-0.464751
-1.4886818,6.972981
5.0361505,-2.0631084
3.637545,-2.210869
3.3214931,-2.9649932
5.2425647,0.028884212
7.8752756,10.588122
-0.8525856,0.92457134
6.0476604,-0.2508934
6.0851417,-3.3782067
2.8290672,-1.6335443
3.244889,-1.839187
5.430794,9.614302
3.537637,-0.49972072
-0.87780964,-0.088374965
5.2937045,8.781371
3.4453177,2.7950487
2.831139,-0.27542478
5.606411,10.345353
5.2923775,-0.43521202
7.309702,10.20206
4.7360005,-2.66145
2.545384,-5.4082227
6.496107,-2.5410995
8.052202,10.973889
6.813746,-0.8427755
-2.1093173,0.18696478
-1.2880484,1.7855145
4.1518984,-3.1380942
5.9936166,-2.0718474
-0.6866268,6.973677
-1.9353002,0.57362974
-2.0194287,0.49221358
6.9273806,-0.315503
5.659699,9.496935
6.0239806,-2.7696047
2.6219203,-0.8538275
5.222429,9.746369
3.138334,-0.7812979
3.1958985,-1.4680434
4.0231967,0.36085144
2.8612597,-0.8548355
6.579171,-1.8425611
3.5147583,1.6363355
3.6230617,3.5436156
6.1485434,-0.2195029
3.1724486,-4.813178
-0.6928557,6.6150765
6.0028095,9.803374
4.4368105,0.36418432
5.7175574,-1.9322551
4.92016,0.60211194
5.652681,-0.042031024
6.2574015,-1.9601215
3.360957,-0.2642105
3.0524287,-5.1165953
4.303052,-2.4061413
-2.1621552,0.29867682
6.8161244,-1.1299549
4.9100385,-2.7570434
3.3934865,-0.8797655
7.4994373,-0.34908575
5.293852,9.504419
-1.6238534,1.1616066
5.088079,9.4696
6.234496,-2.5308514
3.670546,3.548437
7.1713767,9.928271
3.9317555,-0.43195626
-1.0037739,6.263645
4.0235434,3.4066448
3.8691669,2.19868
-1.6391321,1.612169
5.925069,-1.5091028
-1.8727157,0.6216577
2.7397099,-1.0603045
3.7396226,-3.027733
3.5867047,-0.025729876
-1.3854302,6.5254073
6.5088596,-0.6327586
5.969848,9.89142
3.7407882,0.20867856
3.5088518,-0.57766145
6.6294985,-0.08095412
4.0021143,-2.2334988
-1.6609802,0.7985479
5.1071925,-0.20571077
-2.0033898,0.04557191
5.0373826,-2.7225673
3.7203465,-0.9451627
2.9832993,-0.70974743
-1.3972391,5.9669104
5.2391367,-1.6862267
4.508122,-3.3324213
2.8612192,-5.4042044
6.20512,-3.17218
6.13514,-0.52928996
-1.7435037,7.1213865
3.3698971,-1.0160103
5.574398,-1.3845797
3.0603588,-1.9874395
4.562556,-0.806179
4.836124,-1.2119193
3.7666771,-0.83284324
5.641118,-0.26188517
7.2290277,-2.5566247
5.6062407,9.9883585
5.756032,-3.0972097
-1.2054522,6.548312
7.6804676,10.450827
3.3124316,-4.4179683
3.6964672,-0.9683333
5.4814053,-0.53749186
6.449819,0.28304824
6.2913337,-2.2220042
-0.76140785,0.1906456
6.326476,9.213477
4.5439806,-3.0954132
-0.89363474,0.48860243
5.797422,8.668132
-0.99860317,-0.2080104
3.552898,3.6051311
-0.287703,1.2325686
5.6956987,-3.6502862
-0.9055642,6.1542974
4.3981776,0.1200388
7.102168,-0.88420135
5.2465224,8.981084
5.2814536,0.50396323
4.783508,-0.045785546
-2.0896218,7.0699987
6.338155,9.443965
4.690191,-0.47683117
5.385169,-1.5964003
4.431966,-1.3792337
3.8025908,-0.7160999
4.782929,-1.7695894
-2.3363817,1.061241
8.345382,10.380019
3.9979079,-0.7167116
7.552763,10.500648
5.071133,9.008289
4.3255534,-0.47076017
4.5862,-0.8046011
3.8605714,-0.25493783
5.889082,-0.8635333
4.3969045,2.6844568
1.9021938,0.62006426
-1.3545517,1.3916068
6.3639445,-2.4995453
6.450044,0.23302618
6.53987,9.393424
5.828306,9.283845
5.511834,-3.2184172
-0.5386054,6.4230914
6.218055,10.050163
5.021122,0.29858217
6.5186396,-2.841884
3.5044327,-2.5791895
5.7890177,-0.24307543
4.737074,-1.7402376
-2.5537896,0.7112872
6.925994,-1.7648987
4.3852844,-0.24806772
-1.2072009,5.957867
6.8033376,-0.7641791
4.394734,-0.8006468
3.9151757,-1.2339517
6.9030437,-2.549532
-1.7914222,0.6549984
4.9651623,-0.8033875
3.8712168,-0.5931994
3.5797923,-1.8419158
3.6142645,3.3372412
3.0265155,3.310636
6.6639977,-2.6680965
4.536606,-1.9239794
3.0049155,-2.0734043
6.074603,9.855067
5.5178065,-0.11516128
2.7160237,-4.843401
-0.92788243,7.3104196
6.3345346,-1.0385548
4.3402343,-0.46861863
5.8623643,10.174617
6.6128826,0.19603454
6.4511857,-2.2404847
5.3234577,-0.7340469
-0.9779745,6.9723177
5.263251,-3.5096495
5.1231213,0.026996164
3.0093172,-6.006873
6.010542,-0.8243141
3.8493443,-2.0872748
-1.7627909,6.0122757
-0.25843805,0.9036444
-0.8557985,1.6514903
2.2770483,0.47811407
3.267433,-3.14257
3.0617337,3.6113527
6.34857,-1.4297504
4.023509,-1.7056289
-1.6887667,1.2745107
-1.9479592,1.5071639
6.084283,-2.3650475
-1.0173231,1.569389
3.769779,0.13159473
4.9757032,0.62989646
5.7247586,-1.4895794
-0.646461,0.8003915
-1.5669532,6.182713
5.777278,8.734938
-1.8688241,6.2107487
7.7964916,10.213608
5.136707,-1.4651487
3.388241,-0.9268952
4.753795,-3.2826276
6.0113196,10.463551
-2.2420316,1.3662975
6.0894847,9.086275
3.0986934,0.32331997
5.076952,-1.9201523
2.7190497,-1.8257418
4.7351527,0.098287694
4.6512437,-0.91312927
5.944658,9.808644
5.8125997,-3.1507866
3.8772383,1.4042354
5.1775584,-3.2406714
3.7868652,-1.7637004
3.8631165,-1.6513909
5.903077,-3.1447725
5.4713345,-1.3879621
7.8819213,-1.5150459
6.383903,-1.4455571
7.766551,10.446713
3.1836326,-3.3481934
6.5177045,-1.3942184
4.418182,-3.385476
7.4968696,-1.6692818
4.2327833,-3.5114956
2.9351737,-5.9112287
3.7331805,3.439268
5.5561366,-1.471193
4.9123116,-0.34214598
5.882755,-3.1803596
5.654825,-2.3811908
5.646686,-0.33785558
2.9215925,-1.0663719
-1.1059457,0.3035262
3.0502021,-5.595047
4.7875605,-1.1754642
3.6833737,-0.7862877
6.318091,-0.7306043
-1.0037885,6.9730043
4.743371,-0.69870746
8.12723,10.710675
5.5941634,0.6923688
7.046266,-1.6523181
5.383329,-1.1924039
2.6248534,-1.8611064
4.5009427,-0.20272148
4.9246573,-3.6470335
3.000195,-5.799268
-1.6435485,-0.12675014
-1.6993264,1.7242012
-2.3886569,0.82672
5.6925178,-0.88700193
3.3568718,-5.666465
-1.6530067,6.256249
6.867845,-0.17839417
4.2915087,-1.7806768
4.5372024,0.23042038
3.451383,-1.2499653
3.1972938,2.3937097
7.227184,-0.48823494
4.13076,-2.7017632
5.21513,9.0492325
5.616048,10.35424
2.5296762,-3.092386
5.166932,9.912774
4.6750336,-1.2601287
-1.1006707,6.5137587
6.653531,-0.17442273
5.488846,9.480226
-1.2437773,1.3462602
6.933596,-1.7041651
6.8251204,-0.9381515
4.2619925,-0.5715196
5.733655,-0.8160356
5.479192,9.362862
3.903149,-0.6366727
6.5755982,0.53177917
6.1654353,9.743997
5.3538537,-0.007666938
3.3911088,-5.2170897
3.2123697,0.096624665
4.2797956,-3.7124088
6.2428894,9.103193
5.895729,8.462559
-0.8353273,0.8836429
-1.3281466,6.023052
6.3737116,-3.5662634
5.854153,10.373694
3.5233161,-0.78825694
4.408656,0.17422028
3.0684397,1.3148736
2.2173777,0.7762468
3.929013,-3.0572906
-2.0976021,6.737158
7.023279,10.552001
4.1222525,-0.058750533
4.622647,-1.0379175
-0.6205413,0.8633329
5.692778,-2.1907318
-1.8477935,-0.04362185
6.3736467,9.2008505
-0.73053575,0.07334362
6.8051825,-2.8269162
2.5018346,-1.6591506
2.7829952,2.2782938
2.3529768,-0.3503417
3.9884431,-1.1343052
4.604911,0.05262906
4.5201273,-1.2031702
4.9635215,10.516509
3.007062,2.798022
3.708788,-1.3002841
-0.94250906,6.533994
4.7615047,10.408927
-1.0526017,1.3492253
5.7717705,-0.4433603
2.6972036,-2.652938
3.278752,2.6512587
6.011888,9.772407
5.755726,0.8988187
2.767171,-3.1383681
5.99104,-0.8150343
7.3659444,-1.4004912
-1.6374464,6.5866203
3.1746764,0.4242601
5.901564,-0.48520976
5.786839,-2.482684
5.9015145,-0.54811925
5.0314136,10.4932165
6.2966256,-2.672619
5.6099653,-2.8712134
5.8462625,-3.766501
4.2309494,0.42660907
-0.89497185,1.0081002
-0.53854704,6.4345207
4.0591784,-3.2207088
6.162976,0.19943485
-2.2081652,6.6412816
-1.7708392,1.0634838
3.589541,-2.816846
4.2027082,-1.7108289
4.8015633,-1.9036468
4.6504474,-1.6846492
7.995731,10.701618
5.7665067,-3.3968732
6.6703653,-2.3560991
-1.22345,7.349516
6.8994865,-0.49021947
-1.7802906,6.911893
3.7794843,3.3201284
5.7070236,9.31152
6.18419,-2.1365464
3.064351,-5.40228
3.615799,-0.85879874
-1.4140325,6.2178564
3.7940722,2.335443
-1.1122258,7.397962
2.8759253,-0.6806545
6.8153152,-2.836808
4.008864,3.190579
7.2144685,-0.87897724
3.1730366,2.4248757
3.153895,-2.2155652
4.87882,9.36
8.006743,10.855807
4.3532906,-0.17081426
4.478487,-2.4755583
5.619343,-1.3014176
4.8399415,-1.7020172
5.2127333,-2.4756749
2.7500894,-4.754907
3.777083,2.6140125
4.6715283,-3.4349592
6.562908,-3.2295914
5.5760984,-2.1932893
5.099614,-0.8324292
5.316689,-1.4255342
4.6934304,-1.1136442
2.723901,0.26137385
-1.920403,0.41972908
6.680459,-1.658222
3.4203951,2.980115
4.31412,0.3996105
7.853409,10.429315
3.525069,2.0111353
4.393359,1.8259536
-1.5525681,6.062861
5.7363825,-3.2507346
4.51255,-2.0626824
6.823993,-0.20530516
4.011691,1.7624751
5.788638,-2.4461622
4.291058,-2.2786913
3.138089,1.4580703
5.8560877,-2.917117
7.8675046,10.95795
5.556034,-2.6876557
-1.7706416,7.0488873
7.3615837,-1.7537694
6.0506167,-3.7548742
3.7020555,2.308847
-2.3241673,0.5518744
-0.6387183,0.18331306
5.724211,10.312611
6.654689,9.891756
5.931679,-1.4582756
4.637652,9.23218
3.7077088,-0.93012416
7.0828977,-3.1129303
5.5857253,-3.5523038
6.6968164,-3.0106122
2.8921854,-1.6269485
-1.8436428,0.966623
3.7049868,3.6188266
-0.7494414,0.31761318
3.2828794,1.5737313
2.8268726,-1.1734803
5.9562283,9.917674
5.830987,-1.8718143
4.670001,-0.055034302
3.6260903,-0.73109925
6.159815,-1.2318646
-2.3182967,0.8395174
2.652098,-1.741299
2.7497766,3.0387394
6.088155,-3.13593
3.3319886,-0.6585512
-1.7538034,5.8557405
4.4164953,-0.9722979
5.2528744,0.7867214
3.416002,3.9343143
5.666597,9.850679
4.7565804,10.133271
7.5257344,-2.2932692
3.7684174,-1.0829529
7.4790397,-1.5630141
-2.2917306,0.8799501
6.5804505,0.7361437
4.4882274,-1.0490954
6.1575794,-1.7591854
6.440523,9.312131
5.707094,0.8486395
5.3699203,9.808744
7.100845,-1.6503347
6.1723156,-1.8983928
3.4597883,-1.7027893
4.3725057,-1.4567908
4.49082,-0.08107911
2.8118408,3.8031902
4.5116334,-0.18347739
2.9555926,-5.2444844
4.947739,9.736043
-2.3800333,1.0363712
5.6826878,9.868097
4.927801,-0.532192
6.5730243,-3.2046819
4.627496,-0.21682617
2.830459,-0.71024126
-1.350764,7.2719646
3.8886063,-1.8717593
5.4785295,8.96489
6.1556225,-0.86848474
4.2172823,-2.0891645
3.3429456,3.8878143
-1.1358032,1.1792912
-1.5325742,0.28866315
-0.90285915,0.60675514
3.8810847,3.2009654
4.9895034,-2.1416574
-1.9922762,0.7734891
-1.8417844,0.399257
3.3639033,-2.0299609
5.1660085,-2.135406
-1.223217,1.3581275
-1.2141784,-0.15765291
-0.9675595,1.6785359
6.333417,0.7889517
5.1824493,-0.5297676
4.6926756,9.566639
2.3222272,-1.5398271
0.026242347,0.96991676
8.022741,10.5862055
2.681627,-0.85505897
5.8498025,-3.2624066
6.1805434,9.046388
3.2118313,-1.5329608
-0.7949665,1.4415188
-1.4171093,6.1215425
5.177467,-0.18563288
6.118734,-2.0954502
3.8153837,-1.9211825
6.0143976,9.368043
4.499832,-1.3015233
5.918089,10.067562
2.8580196,2.1481462
8.091952,10.278561
3.9916198,1.4722681
5.389784,10.284335
5.274016,-1.7488208
4.2177143,1.5392225
6.778804,0.32893056
7.7749243,-1.2544453
4.9792905,1.0225468
4.7698226,-2.8922932
3.728431,-0.6881258
-0.62096894,6.928222
3.422868,-1.5749004
2.7487051,-0.93307275
6.315826,10.324815
2.4871037,0.47366312
3.370438,3.3934546
2.4433427,-6.159391
5.09068,-2.1785164
6.193062,0.49394578
-2.2388988,0.38639274
5.7307897,-1.1523513
4.3557873,-1.5415193
3.9331405,-1.914606
-1.7001162,0.13439928
4.373504,-0.73712194
2.8560278,-1.5928025
7.4583116,-1.2303424
4.8150854,-0.3374581
5.445735,0.3453877
2.5758655,-2.1255245
3.5172756,-3.5114098
2.4210522,-1.1517899
6.636719,-0.82131726
-2.2692618,1.061406
2.6670773,-5.7710724
3.935335,0.7023481
6.7317367,-3.2889946
-1.3057376,1.2424052
5.273576,-3.4812944
6.378018,-2.1870644
-1.6210748,0.64087826
7.233318,-1.0234343
-2.2044675,0.19580063
5.342414,-1.8447776
4.846922,-0.24708077
5.689676,-1.9890682
-2.027676,0.9416973
4.937926,-2.7398055
-1.5177459,-0.012373811
6.6012187,9.918526
-0.5398971,1.4113151
2.935888,-5.5293684
6.6085443,-1.5467113
-1.5472686,5.866482
3.7660236,-0.61781114
6.1137457,-2.8883057
-1.3841215,7.5255294
4.0891547,-2.2047389
-1.0905875,0.24011585
5.9698124,-1.9034972
-0.78076565,0.9684126
6.669783,-2.2057323
3.6613357,-1.9631721
4.408149,2.9866412
3.106313,-0.57955563
4.188428,-2.0188367
-2.4277148,0.3025992
4.705401,-0.16121928
2.7373178,-5.1043453
4.082915,-0.15832798
-1.0648872,6.5638857
3.071588,-5.3584576
3.7595408,2.5783544
3.3676596,3.3274052
3.42646,-1.401176
6.237503,-3.4628642
4.5098853,-1.9187024
6.8817725,-2.5185816
3.495794,2.3081667
2.8826258,2.0541887
6.2094407,-2.204524
3.5623105,2.4901123
5.062319,-1.3999828
4.221719,3.0173047
7.0359745,-0.6561163
-1.7961856,6.157368
3.2562156,-5.292876
5.2441545,9.079524
5.958946,-3.6039176
-1.779021,0.6988992
3.305585,-1.1606802
5.909204,0.7118453
3.2878616,0.06822831
3.4931495,-1.5649124
4.2992053,0.12299413
6.0906944,-3.309834
5.695413,9.914032
7.2429056,-1.6959594
6.921874,-1.6065508
5.6598954,-0.31078368
-1.1714972,6.1751204
-0.74804866,6.700245
-1.274284,0.5157056
1.8684856,0.21731439
5.0445113,0.6927757
5.319954,0.120750755
7.5921726,-1.1988766
6.6906433,-2.0068705
7.0525103,-2.3778849
5.7895026,9.735575
3.6160586,2.206193
4.6326737,-1.7515838
6.8964562,-1.6763306
-1.7474201,6.922574
-1.9120997,6.9170556
4.8914943,0.37136495
7.1674085,10.47036
2.4749446,-1.3579577
-1.5336703,0.8318625
5.3719716,9.505345
4.555112,9.834888
4.036204,-4.5820312
2.8685286,2.416461
5.727478,10.246929
2.6457396,-5.5168796
3.2372434,2.839099
6.9215627,-2.9976277
3.5953295,0.20037745
-0.52862066,0.69753873
5.830537,-0.938303
3.8192508,-2.9890344
5.1242805,0.27621648
6.6266,0.06950753
-0.67397326,7.1210275
3.7794998,1.7585363
6.7788324,-1.5382534
3.0456982,1.7212163
7.058253,-1.8167456
3.6188893,1.2204435
5.38411,9.485129
5.249204,-0.59349865
3.1753335,1.746226
5.8615937,-2.9919746
5.6813045,-2.1760921
2.6373255,-1.5104402
3.3301318,2.8759015
5.086208,10.16049
6.581145,-0.978873
-1.610415,6.4550133
3.928278,-2.3575954
6.14778,-2.009823
3.824309,-1.4651737
5.5770993,-0.78827953
3.1571977,2.8011208
7.3263755,-1.1414635
4.2090282,-0.4606238
3.9209774,-2.621446
5.70097,10.311221
3.3133748,1.396264
6.1677704,8.998059
6.227556,9.463307
8.178897,10.614386
3.349573,-0.80542266
5.508372,9.789468
3.8410494,-0.5071922
7.1915154,-1.4212288
2.7525764,-4.462771
4.707724,8.923264
2.9759576,2.8656409
4.127689,0.65909266
6.308905,0.38626388
5.3402796,-1.6709585
3.25942,2.7414515
7.159853,-2.9765255
6.6680865,-1.5994911
7.355925,10.165824
3.6939373,-0.78804654
5.384585,1.0183829
6.0804954,-0.9557441
2.8365428,2.984773
2.6558037,2.9550407
5.7096715,-3.189328
3.4079108,-1.3547943
6.186463,-1.2522252
3.7241137,-1.8019422
7.3004694,-2.1573908
3.3804932,-1.1333054
7.0362964,-2.2235465
5.533012,-2.202395
2.7789936,3.082684
-0.74952257,0.44046837
3.4944592,-2.3819265
4.6186123,-2.0095606
4.3425975,-3.2376678
5.672217,-1.2157128
4.878007,-3.301099
-2.5123677,0.22883719
5.5910025,9.655437
-0.83573884,1.1675683
3.7417936,-2.1720872
4.884117,0.09357414
4.019417,-3.0757194
4.7218037,-2.3136582
3.5396821,2.774701
3.7881794,-2.9079068
4.660958,0.25115702
4.5971065,-2.4749844
4.4548326,-3.0958033
4.842194,-0.9524294
2.5560508,-5.8955646
6.345562,-0.9536899
6.954237,-1.1627893
5.6219726,0.9637839
3.2796955,2.1031554
6.4028525,0.0006075207
6.740476,-2.944735
2.2101688,1.0259159
3.8399506,-0.9137856
4.9642572,-2.088169
3.0318344,2.589405
-1.1879988,6.8069854
-0.19219784,1.0909852
-0.6687409,5.944612
6.009762,-0.5422765
7.5456805,-1.5532126
6.184016,-1.2986431
2.6128898,-5.9174733
-2.6593504,1.023198
6.698022,-1.9569405
-0.9770774,6.669527
5.9500585,-1.9073173
6.182415,-0.30625325
5.273802,-2.7300212
4.200605,-0.17791118
5.4859595,-1.0277382
3.721976,-2.637724
3.3073256,3.3012292
6.685894,-1.3054934
-0.57222944,0.102309
3.2298574,2.8915076
5.491469,-0.28887215
3.7501347,-1.3930833
-0.45931998,0.9184139
-0.8534294,0.29878086
-1.8834895,6.867755
5.3304105,-3.636421
4.0908365,-1.5450916
5.514605,-1.3246936
6.360725,9.471673
2.6119556,2.7430894
4.5135517,-1.7764701
3.213691,-2.5644822
5.3658643,0.7071928
3.1707935,2.2098656
5.388465,-0.47225723
-2.4213374,0.64623827
7.3984632,-2.0062306
7.3524156,10.46603
2.7674396,3.163996
5.5589805,-1.3447143
4.6793637,-1.0715678
6.7593613,-2.504129
4.074024,1.429285
4.5541973,-0.7035038
6.9449034,-2.9810889
2.8105292,-1.3546493
6.499068,-0.64018375
4.6446705,-3.107262
4.8528523,-3.6115615
-1.7451774,6.976119
6.6642084,-0.5081436
5.2963533,10.072498
4.6150284,0.45420137
4.0367303,-1.6408037
5.27374,-1.9829794
-2.1162593,6.7446175
5.3646784,-2.650059
2.6852808,-5.4945364
2.9938064,-2.9247427
2.5618505,-5.980147
5.029504,10.147128
-2.0964856,6.6273236
5.318902,9.056377
5.8549995,0.23553263
5.4140472,-2.0241103
5.4104166,9.718449
4.900591,-2.911463
-0.6074258,6.065678
-0.36047888,6.1643496
2.545172,-5.692822
3.8974004,-2.0392077
5.569172,-1.7682167
-2.0654314,6.5910287
6.4025984,-1.3513627
-1.2682288,6.12686
4.7684646,-1.4553297
6.5871873,0.70395845
4.440327,1.7470725
6.0726748,10.135476
4.8700185,-2.2226386
2.8113973,-5.7532635
6.9115305,-0.7288266
-1.4578552,7.425095
-0.420923,0.3885401
5.6331596,8.558577
4.785062,-0.6515944
-1.4462932,0.52123517
-1.4289739,7.0887895
2.9535549,-5.76462
3.1586015,-3.9237723
6.578983,9.223707
-1.0567834,1.0524251
3.4451194,3.890369
2.759935,-5.788409
4.406626,-1.2401762
4.169427,1.0285044
4.9325914,-1.7992522
4.5636554,-0.4390343
6.04908,9.461428
6.416392,-1.2549164
4.921442,0.86034775
6.110241,-0.85970014
7.3643675,10.56117
5.0570736,9.757874
4.7171087,9.725963
3.724974,3.6185067
3.4092655,3.335816
6.880927,-0.9529561
5.708009,-1.8079704
7.7727594,10.261087
5.5976934,-2.7067072
3.2444613,3.4446084
3.970385,-1.120958
5.7929883,8.604707
-1.0969551,1.1176883
4.8501964,-3.4946716
-0.5667918,0.90599436
-0.08333543,1.2275443
4.143461,-0.65169364
6.605756,-1.023536
5.0762115,-1.0344844
6.473407,0.038464226
-1.1215248,7.4054737
2.9357193,-6.1958013
-2.1179237,0.67485654
6.205357,9.485734
-0.45034957,0.8350495
3.4628887,2.6296554
4.35252,-0.05373241
4.0028324,-2.4150558
5.8610682,-1.9095649
6.515164,9.465909
5.3869214,9.533911
-2.4039686,1.1723987
6.084287,-0.34988907
4.6189423,0.16043292
4.9498067,9.427542
7.1347666,-2.3965623
6.4273868,-1.130889
7.4151425,10.267355
-2.204503,0.40807968
-0.5178663,-0.058006667
4.688444,-2.36639
3.5890408,0.99657524
3.8756413,-3.6875856
3.4788027,2.6224387
-1.730074,6.8846273
5.868103,-0.76119566
5.835225,9.245648
5.6721354,-0.8301131
-1.4177558,0.76620734
-1.8083922,0.090061545
5.7691083,-2.047428
5.2987647,-0.67304236
5.9663887,9.790834
3.4705994,-5.3079157
4.7877593,-1.6791934
-0.19660811,0.8048418
6.413343,-1.4249727
3.0150907,-0.45901147
6.2171545,-1.1261945
5.0324597,0.4185083
-1.8962067,6.146299
6.1487517,-1.414811
-1.4770505,7.0830307
-0.74037224,1.1412823
6.986675,-0.44723287
4.9070425,-1.8610184
-1.2656828,0.18534231
4.41385,-1.8652018
4.4442677,-1.5122639
3.6492062,2.691232
-2.0394404,6.8074956
-1.6090664,-0.04742902
3.2711563,1.8960423
3.4059622,-1.6180882
4.3853364,-2.9334958
-1.839124,0.63566494
4.6003537,-1.2350487
4.1510906,-0.3775651
6.386225,-3.4786363
6.4590225,-0.4399985
5.4890566,-2.6015406
3.391492,-1.7861179
6.234339,9.123069
5.2538633,-1.9707178
6.7436075,-0.05777881
6.3888516,10.3155155
-1.1254607,0.20522822
-1.9379843,-0.010601341
2.4676852,-1.1237478
4.1610007,2.715832
7.691096,10.962373
4.722523,-1.1550757
-1.1978041,0.056927346
2.9646826,2.1165779
6.4064536,-2.0142496
-1.6847843,5.880822
6.313978,0.8765799
-1.865263,0.92592597
3.1771307,-2.0543253
5.480025,-1.818296
5.731034,9.558435
5.2798605,-0.7380707
3.636788,-1.0494034
-0.5208365,0.21347308
7.3774576,-0.7266254
4.28839,-2.892967
2.8186195,2.1069157
-0.83974665,6.5106583
5.19103,-2.3036985
6.390215,0.031424735
5.364666,-0.7066162
5.8650136,0.23172887
6.6276207,-1.7018951
0.11058989,0.59823775
-1.3240325,7.236967
5.164161,-3.120971
7.644063,-0.9299738
3.8261254,-1.59321
3.6430762,-1.7073411
5.9878464,10.538542
3.8353925,-1.6622843
4.434767,0.49511087
3.604721,-1.0820088
7.79908,10.111289
6.397374,-0.64146274
7.551195,10.316233
-2.2926836,1.113631
2.935596,-5.301103
2.9965308,-5.7529345
6.618202,-1.7946966
5.0550747,-1.7752964
6.705896,-1.4194854
5.414891,0.70191246
3.028737,-0.1146465
-1.5198083,6.275092
-1.6691335,0.98435056
2.7447286,-4.981992
2.3135843,-1.9284598
-1.6049372,0.5039593
3.1930473,-1.0792662
-1.7834679,1.0055907
7.13744,-1.0986998
5.3411183,-2.154571
4.7480106,-3.2875485
5.993119,8.837898
5.146438,-3.0174925
7.9517384,10.765272
3.5522454,1.0220896
3.1186116,3.5290275
2.494559,-3.2522569
-2.095511,0.31893948
3.1993551,-2.3281822
5.3035502,-0.7818942
4.88163,0.6790802
6.3491025,-1.8444635
4.605449,-1.066012
5.1845145,-2.301259
4.7842975,9.302783
4.6887064,-2.4366524
3.7465854,-0.6096355
-1.4411967,7.275597
5.1741996,-1.5298209
6.1437654,8.697212
-2.171069,6.2747746
6.862824,-0.98980427
4.7107944,-0.9144791
4.9521046,10.063064
-0.9539709,5.520266
-0.99263203,5.9340563
5.1523094,0.29764587
4.6922336,-0.50905734
5.6514735,-1.1558862
-2.2385986,6.914642
-2.0678563,6.2087116
5.4599166,9.627143
4.1430426,-3.1728497
5.0743756,-0.4863976
8.133588,10.881722
5.195893,-2.1483266
4.2969484,-3.0194294
-1.5967902,6.706143
4.0773377,2.2291446
2.7101731,-5.293489
3.1666195,-1.425976
6.0095377,-2.1191745
4.800183,-1.6930008
3.662157,3.5717812
3.1807377,-2.2944732
4.7062254,-0.86612844
6.5842986,9.350687
6.233024,-0.78037
5.3171883,-1.4219208
5.6403685,-0.022351343
5.429699,-2.9946382
7.5658054,-1.593925
5.9169707,-2.75928
4.438378,-0.87562394
6.7271857,-1.1604341
4.1070833,-1.123163
5.473519,-0.45852545
6.8007474,-0.8326309
6.300151,-2.1476007
6.999744,-2.4002814
6.6973205,-1.7575446
6.446047,-2.3534892
6.389103,9.291385
3.4561756,-4.0332456
5.935996,-1.0920411
-2.2072916,6.9677644
6.627081,-3.31065
5.7239275,-0.7110307
2.966522,2.657661
4.1571703,-2.7832634
5.745303,-3.4155316
4.976249,-0.03017998
5.7733355,9.539988
6.872103,-0.6855716
2.6576366,2.786745
6.948893,-1.3172984
4.257705,-3.3977156
3.7746153,-1.071025
4.1152773,-0.3719625
6.942933,10.079194
7.2013464,-1.9111242
3.144284,-1.706582
4.2022376,-3.1827807
6.417414,9.660846
-1.1071407,7.148071
6.748533,-1.7145461
-1.0299275,6.2260184
5.261439,-0.6185237
5.844034,-0.5650234
3.4830945,-2.042256
4.72925,-2.9870572
4.8113866,-0.18817085
-1.5322762,7.0898643
5.6354017,-0.89811474
3.6137106,-0.68672025
5.7302947,-1.3306007
6.08225,0.93700475
-0.900524,0.8719243
