0,816.1947772601656,517.3541389426815
1,804.2621743637396,520.3309464463346
2,830.615056039384,460.41341407267856
3,773.7067674945206,454.79765955391287
4,816.0163291312914,495.9451119360346
5,783.6343037715098,476.99006430259965
6,775.7997382348628,452.0140031443315
7,807.0270707037271,499.23963926058826
8,809.7971647110746,486.92481140493373
9,804.8332231627894,481.2053241865108
10,800.2114115198665,508.1109160672098
11,764.4859612382243,440.56558597322777
12,935.634606403803,446.26380993083
13,809.752348540362,510.0086117595172
14,808.871080307977,435.1300767857914
15,749.1863471425223,424.1296047178273
16,744.5835706971365,424.4335863418496
17,803.2646036985268,468.12574806004375
18,754.7626932345819,424.56422194307055
19,881.5550296563035,462.64876358757243
20,918.4686168118121,446.30993291526187
21,1086.9812461103743,432.28331593708594
22,1003.1967890431448,372.5282256876382
23,1066.1967515153276,345.94652857903475
24,1086.3367244320182,294.4805430979974
25,1051.9206494113523,424.9539674713875
26,1020.8705886905141,305.83773068911785
27,950.7167146178673,445.3203001000919
28,1154.688867226392,371.82907505795583
29,1140.2625172559099,313.4900273123238
30,1010.8923335332511,406.77351052848604
31,1024.644491573143,350.24188213384787
32,1132.5923904616739,361.7211843651261
33,1023.09246900426,355.9172832927917
34,1197.9526077473895,339.47578933884495
35,1008.4781445542068,368.28011166874006
36,1032.2308814569785,395.3153662275189
37,1089.5765023123822,438.54212588490697
38,1067.1625923542454,338.6558315711218
39,1151.96500948795,323.33740899743134
40,1109.0750472298535,371.93608399002363
41,1067.3116694432833,357.1553993187488
42,1157.444847534676,384.61825257780094
43,1113.3831045195561,406.2597669954624
44,1112.375980095735,310.26984791348065
45,1040.7721410380357,423.53949961121305
46,1218.1785143186141,379.0344667893142
47,1014.3118311626487,455.7212949118766
48,1102.2328821963358,353.1986708630188
49,1038.0198954751158,347.2293759408752
50,976.4919435236774,420.5674593778979
51,1098.3780377912128,361.5616336934567
52,1112.070400189059,294.48936367137713
53,1084.8077570743599,417.4055002234903
54,1003.6173736609131,320.88800837657675
55,1041.5350935002132,289.57136171538247
56,1039.720950302767,393.26415464600797
57,1033.3484673198238,378.89845375700304
58,1076.4971803560625,374.9925898544044
59,1128.1211962403547,412.20632704438975
60,1219.6754601312184,343.8917075751089
61,1068.4656614600851,415.38152394920985
62,1002.8891128120351,330.71580268549275
63,1078.366351848911,460.596014765423
64,1226.7996135236335,373.59717418721374
65,1029.6208564888425,349.21556897187344
66,1082.6993594778282,364.1515791711149
67,1077.035950430121,437.13839436965475
68,1029.357886758374,395.3537038982269
69,1051.6523126148566,410.1984232944115
70,1088.6787677603108,410.35301427233117
71,1082.3922192677944,395.3099166574933
72,1112.4703633825404,353.8258433453884
73,1029.310463396391,409.44379266783164
74,1188.1598929631698,347.9512283634308
75,1050.4579416585939,386.2174642587541
76,1005.7074357990056,317.16455990575025
77,1021.6694698805904,376.5916829919652
78,1078.6541941987473,372.1646227844903
79,1097.8254570714562,393.085939251484
80,1067.4029171483548,363.23790146994907
81,1029.9199435178775,369.62326064619157
82,1193.1946625797186,358.27885430459173
83,1134.6687531520095,406.9782736120611
84,1050.4336428984236,347.37024857259536
85,1060.1539697638757,398.0745845296178
86,1078.6185472694542,302.8346670219558
87,1098.9808055682174,407.638684785095
88,1065.2231346198046,328.1090797704797
89,1079.2499981998135,394.424621523949
90,1080.2152218081253,329.196846821262
91,1125.344323354197,348.1598436436268
92,1066.3887806413036,449.70076338688557
93,1000.214882616718,368.79483115436517
94,1184.7973760417128,374.65378376365743
95,1057.9658711713948,363.78699119536583
96,1072.030753613492,313.11838839925247
97,1163.6385977085724,341.4544725588081
98,934.4457601424975,387.54857354977975
99,1050.9398237055275,321.1906914700069
100,1062.6393327087899,306.1539494707667
101,1166.6017681219325,382.1224941056419
102,1046.200433700637,345.3712041619097
103,1050.721707850399,296.2839515648354
104,1116.389005225292,313.12276064088
105,1011.8877397054885,378.2744368433459
106,1173.7352701546806,380.3233066010795
107,1056.4151490020429,377.7505608286341
108,1074.8028612428768,377.5434384359223
109,1158.511039061097,410.44173673067087
110,1065.2277666629045,350.05363441288745
111,1200.6681854346398,359.93404388104386
112,1181.6780388635789,333.2569998737904
113,1090.622514540681,335.94967608849316
114,1034.7225365203228,382.338786453618
115,1046.5159230660508,393.3868057304179
116,1085.6646124220938,481.4270435936442
117,1046.9795728009854,435.10198485511233
118,1175.3059650208554,396.38412985310606
119,1073.7324576816732,424.74782111115667
120,1129.8330804416446,441.328530852281
121,1040.555932271265,331.9042315915328
122,1141.19474328699,320.33001399141966
123,1138.6537701619582,408.42653990631663
124,1236.5817062400597,382.33662860944366
125,1201.2919285152268,397.58778272358427
126,1047.68735617025,395.0069326163483
127,1050.0363790626582,371.95564469436175
128,1046.405993165665,475.88367267534477
129,1067.6601272323903,444.97907599808786
130,1104.0445220501929,325.0616366109151
131,1126.1692858848753,418.4636887666429
132,1182.0599543977776,388.7608393115256
133,1199.2807723067333,347.7900697134657
134,1118.008300761141,307.21838607463303
135,1057.794566203696,312.3231257758969
136,1087.2882632753062,414.39359420804806
137,1082.745518645378,410.0447207268477
138,1160.4306796296219,358.41491731742565
139,1098.4696361457582,337.74922533891447
140,1163.1566538734555,387.95559047252743
141,1087.1455360758678,316.4443593975242
142,1174.8594949464996,345.10349346366723
143,1200.7574700539917,367.26146174356495
144,1093.5565587515912,304.8995189987517
145,1202.7705176270697,364.95843615035545
146,1191.1893559297273,404.534201966997
147,1059.2139787350202,421.0954240655433
148,1151.8236369080353,339.72810283655616
149,1188.2093723411372,417.1981280259407
150,1016.8559310291353,407.9540711277683
151,1146.319733146233,386.3024157391509
152,1136.8968421920463,351.93895599666064
153,1162.913676878612,363.55281364250015
154,1106.086917878227,351.24871371144695
155,991.1418345351248,294.3007871311939
156,1027.4536030421477,329.204191180989
157,1065.763680479669,323.60430654094586
158,1027.6537888570667,386.1772818513805
159,1149.0939483110571,288.92884730827706
160,1015.9430299445872,322.3018813337371
161,1019.7750234177869,403.92517496860665
162,1031.8470414708395,449.09779391616973
163,1128.4908540057434,424.9474923068231
164,1035.339896676197,347.46742149267
165,1132.1322500700505,334.16294538258285
166,1099.0598908994186,387.64901723182976
167,1014.989279200398,429.92763381166145
168,1062.4965073156816,384.7237363594003
169,1065.2204905719193,465.2429197045009
170,1093.2506703241352,359.20219674617465
171,1186.6683252414298,406.80378578365037
172,1127.9538214080383,372.9902125407567
173,1093.8990439265845,400.26261723900717
174,1032.8630300668497,302.7847169041494
175,1087.7176516010024,374.91453245763347
176,1052.1491146726048,439.6698424680523
177,1113.8594101762264,429.835438533484
178,1035.8760723552573,425.0959620252117
179,1102.875963163425,392.415996589827
180,979.6621309965274,283.63792989011256
181,985.2114717379625,381.61690325209264
182,1172.2227635729748,391.96404819131595
183,1090.1964933196627,321.36813061094676
184,1067.8276332502192,373.589648341053
185,1027.6672330732172,310.42043185523937
186,1125.1225203644258,342.40078732821945
187,1108.5244238055793,319.0043973897203
188,1088.2621127997195,442.77968522838
189,1050.0156728203747,319.0021636547586
190,1110.3355683437794,352.04362884178585
191,996.4211258184713,443.33709503039006
192,1009.7638884377786,336.8402819748148
193,1070.2353322870667,303.7304496432817
194,1128.1197841369471,386.46049646810445
195,1205.229771832853,318.23623906148407
196,1058.5447367370566,387.59233611914567
197,1051.6161806302405,360.09380874718266
198,1196.6987050706812,311.97134113034616
199,1060.738649200231,395.9337230129579
200,1011.8819247653627,356.75270487411746
201,1078.0984868910182,425.7170871527274
202,1159.6264020291642,340.98465918053137
203,1082.3170603846265,381.9402853858843
204,1084.486367172033,316.9228337353171
205,1045.6875535377485,305.42946310568755
206,1051.4650396351333,379.6322458004213
207,1091.8327621651702,283.1584679612075
208,994.3732047901613,366.55489009576917
209,1064.1764326337045,408.58419804047395
210,1022.3586235429267,433.3834409030325
211,1027.8144214108127,326.4909382669408
212,1066.132726073798,416.9379508445243
213,1190.2188839260434,395.59660552392853
214,1018.2046336683836,331.1587399233923
215,1024.292415662335,352.97302752563934
216,1037.77491846273,355.55083103733045
217,1097.1906634872469,417.4291140677442
218,1111.8718897217664,318.29234902965834
219,1123.0205336874963,397.7571201132902
220,1177.840937703367,391.6112230203303
221,1025.2569539317892,297.2342677833427
222,1111.6928881279182,343.2394446699605
223,1126.7777736443059,294.5834838693818
224,1138.6582004353568,333.6393144961855
225,1064.7965143006254,367.6562727275725
226,1115.780712465695,320.12346130718464
227,1118.1469543856983,384.98614945565214
228,1078.619248454746,314.2078214677418
229,1093.8200260054011,291.2257612894342
230,1073.4030882375544,394.05133937300394
231,1077.4020603195754,325.8123020905686
232,1113.4776265215555,321.52545432181336
233,1013.8363802523554,434.77944049423365
234,1075.9357889547118,381.5255251377529
235,1106.151797113341,305.4979948801521
236,996.2487271918245,398.51568497498175
237,1074.3033694670778,328.04949329813195
238,1116.1488645832155,405.19918187447996
239,1096.3069962944335,365.33635471060995
240,1060.6541120936056,425.761838558758
241,1150.9338581019435,387.5005939630871
242,1026.675658933268,415.4335779351421
243,1045.63411665259,333.98231992234565
244,1220.7875938464697,390.61640316920307
245,1010.0095159205935,383.55161224027177
246,1055.5673962091198,399.22041725405126
247,1072.327295996683,278.52497184630937
248,1110.138055354885,303.6348301563584
249,1023.0541134660219,325.77370251087854
250,1181.7787197881378,374.975365291158
251,1146.3166107905358,338.26738439158004
252,1097.471670402682,370.15138790724393
253,1170.5081268115282,399.7865736271141
254,1049.11347012159,323.74385580218507
255,1102.3716092952268,253.31075629829834
256,1104.9259034072572,358.8911259719903
257,1088.148102998434,322.81770158486506
258,1050.1073903773631,352.0573029435971
259,1057.294541190875,278.5515433464332
260,1092.429708274228,361.5320617256735
261,1143.4378642047768,394.3179390176508
262,1122.246977887321,408.97432993437866
263,1131.9832344490899,312.20935779351606
264,1072.6232706693318,362.25414732376754
265,1205.7303571537523,369.91198165101963
266,1083.7614562828915,366.49081087265176
267,1162.4396305989603,355.9540571494304
268,1090.8234554464125,468.8944678934116
269,1079.0795960382407,337.1134979483682
270,1179.774807810606,385.9285862968617
271,1077.2648202639803,358.514812096831
272,1035.8011058131028,368.6876477570986
273,1061.9699280947736,286.0524288853411
274,1160.4345705467629,354.63544003926717
275,1069.7543909750168,293.9916811663749
276,1047.8145079486405,369.3498012620806
277,1124.5649383037314,309.6363488930264
278,1068.4214403404912,310.018157024829
279,1101.1896573533568,434.8997775284317
280,1082.6198325550672,446.8168414782501
281,1121.7848015585832,372.58877142942157
282,1140.2196697885365,377.95718931167755
283,1020.3317992622865,440.9595727159145
284,1095.9742842544158,390.87726758367694
285,1007.4331215215519,304.4203692264807
286,1079.659929125729,387.7278948101294
287,1033.9362737744307,314.6345166122868
288,1177.9209971895593,376.2475138622727
289,1051.0273867337473,390.53948726194335
290,1198.1452239208222,386.4005889233102
291,1235.2665218042757,405.35450651047273
292,1022.5056176759447,350.0279609108737
293,996.654858012905,428.7200224457896
294,1059.6958900263778,390.43356214304157
295,1225.1494011127559,364.1484119887578
296,1112.2127089183966,412.0788678635149
297,1067.764788907826,354.2493288431823
298,1174.325345090018,333.314759647992
299,1143.6502812177387,341.4776139766972
300,1019.9543257112748,370.380862684641
301,997.8261329111107,450.2790429398512
302,1016.6246990779513,309.7180126978552
303,1106.7333567358048,405.18622019155384
304,1160.5454080456327,394.3338241032084
305,1172.5951012184437,327.0154880055359
306,1002.8227567876387,431.32714080705233
307,1134.1689133612363,387.47883246109365
308,1038.5192712498676,342.1716886770066
309,1055.35481238094,323.4517759325198
310,1108.7262210138006,363.78586808964644
311,1056.8645403219448,332.9216225344581
312,949.2637034225313,438.3027331006534
313,1103.9980798376625,418.1940633527761
314,1086.85988149654,334.54327702693223
315,1022.5181614627418,301.07068171044517
316,1072.654645770822,410.2303361262135
317,1088.7484985750805,325.5042948369545
318,1055.0032512032822,293.0759613543527
319,1062.0647053587368,371.5207457559103
320,1155.0202127495609,399.557811429093
321,992.6027179805978,418.9960645997851
322,1074.9475299252558,318.4977557416303
323,1006.3366481209788,370.3242806419366
324,1163.9151051468916,322.8701027802831
325,1206.1760468686407,411.77163540061247
326,1079.3415982791917,342.8002122306235
327,1127.882056184685,421.3837663822958
328,1024.1060158158652,294.8092867905618
329,1081.5337571012292,349.5785795379751
330,1112.148178265112,391.60735412386515
331,1097.5128493440316,335.879655814717
332,1085.7004407272636,396.9840376996109
333,1013.8179854339637,402.91622133510197
334,1118.258149740168,434.488958625523
335,1000.713344323207,375.87477227989467
336,1110.9977874576473,378.5944342675632
337,1098.734720134303,414.5336760823895
338,1078.0957599423778,293.878710258516
339,1044.548681637916,336.7587959421449
340,1048.2460943113517,414.3203450397745
341,1044.6891287722635,376.96162152423585
342,1011.4845387283789,310.0499767426123
343,1245.985980285147,362.1638013170944
344,1038.0298739518973,417.398433859977
345,1178.0775839866174,399.57272089171124
346,1005.6912435528394,310.4501337254275
347,1172.9311684782247,397.56424172413455
348,996.4649796468944,414.4984191764506
349,1136.3711593845296,413.43587476505127
350,1053.1982919647955,351.227079853983
351,1020.8105011038942,356.4480544969574
352,997.7292775780395,336.4441645950272
353,1034.1831473483207,342.20655345150124
354,1027.6033954530085,362.27122084443937
355,1134.933564267939,346.46650829118875
356,1171.36355361594,375.63424601985935
357,1006.4630249920207,398.7522469676669
358,1124.8783488643044,420.26133440711925
359,1111.1672715810598,417.58381232138015
360,1081.3584520432935,319.80930521391383
361,1036.7553327039932,476.5303457260555
362,1157.6412590485722,392.8729893783326
363,1055.9457459570774,352.4452605934112
364,1136.9857805760894,388.43575657127764
365,1008.4239992163864,448.7900767995601
366,1149.0483498499023,305.6285523511446
367,1127.454495693743,364.7487783773102
368,1125.0608165843319,381.61845876711834
369,1008.4555706649008,438.306272652882
370,1102.793885829175,394.68122769268405
371,1092.7116110020186,317.4181239255395
372,1037.2841449734274,454.6204018446001
373,1055.2257749157106,418.34008922680334
374,1089.417489578746,476.56032487096735
375,1067.410565895088,474.4631418050593
376,1206.4272345793004,353.10438704638096
377,1110.4259849054465,324.26180716214765
378,1058.0732561534996,476.3802281590269
379,1106.1564979430284,348.8844785149685
380,1132.074574442923,414.17404323607826
381,1058.6788171259645,458.9818899287398
382,1024.7004145267604,438.5913539840626
383,1199.0897321836019,376.47286909325004
384,1056.4610354896809,453.4345211171705
385,1016.3290560229888,357.46128090639723
386,1019.9079029565868,318.5364096147954
387,1090.5068652226232,392.3108063807547
388,1099.5186432249066,347.5259532820724
389,1242.433855454361,352.11511132283886
390,992.2467286897293,392.93106647022296
391,1175.781257854844,417.60593795517167
392,1072.5359915021372,324.8866558478264
393,1185.4630010798555,325.488036398574
394,1051.1966415360394,325.78606460982417
395,1034.6412559433645,292.22736706432187
396,1039.954031636938,370.09774223346375
397,1105.4508689785202,315.5420425711167
398,1034.7878516969297,325.0951383249933
399,1063.6692257223574,431.1467705857872
400,1000.2314793369022,449.26627496513856
401,1107.1876394665028,415.1020091902664
402,1155.6674666479414,346.5068109035348
403,1089.409960652369,450.9649193129076
404,1032.6273653626222,404.64604997783266
405,1094.5221069222644,414.5315763882278
406,1030.1811696671937,373.045900831409
407,1160.7593581956523,397.75112178362275
408,1084.2953450672046,310.58345870263963
409,1077.234636225573,330.0997469062054
410,1140.1961321453857,348.6277927237253
411,1056.8316651238492,299.1704429044088
412,1064.7515308998536,393.919172638657
413,1122.054627450772,317.94197647961965
414,1180.947672084726,392.72219370757773
415,1119.5755928194628,340.1903771959141
416,1184.075713697504,388.44252340275045
417,1042.293276510219,361.3715649387105
418,1046.0505166087482,328.91970418134014
419,1123.0860841061394,312.6677254627547
420,1070.8777533282296,401.48409372900585
421,1072.1356365936228,375.57633243893656
422,1117.8751022503404,259.74433181955027
423,1038.253057765951,381.518153866004
424,1153.096013825415,325.0284740428408
425,972.1951024706672,433.05862322583255
426,1096.633312644796,345.64099597034914
427,1031.8476263245414,356.8089515326077
428,1169.1317989075762,324.71635898308733
429,1015.0164294714573,291.51815139676006
430,1154.5391078796615,359.7253659304539
431,1093.7378907830816,389.2379463086752
432,1027.9048717736937,294.53947815665765
433,1150.1299353675695,336.7296735701143
434,1083.0773897540198,415.84409133377994
435,1025.0741467925086,385.213688969107
436,1096.1940938770092,361.40959797306255
437,1017.5282383162676,396.3525047462804
438,1064.199989698745,364.6971273898703
439,1125.7302932175326,385.08229781810655
440,1014.5854203012319,304.72808885911525
441,1077.625130402619,354.82460045553694
442,999.6420395030576,325.4206008702812
443,1041.1148745597857,396.4078642417916
444,1072.6031798373008,320.0338958119163
445,1142.3797055280204,400.3994323528939
446,1031.7865095735547,387.0881957292473
447,1080.31944944278,403.87580342777454
448,1150.632453588201,439.5761992078176
449,1042.611806549975,353.18204526832085
450,1097.7835407649986,429.00081036452605
451,1016.2416360102563,298.1112767963353
452,1109.7450504502324,296.94216911481226
453,1161.4768812894404,374.22266896762517
454,1013.9114119514849,370.13690754484173
455,1130.7799677057642,432.4177658577486
456,1034.1996247190516,300.1703268997779
457,1098.3362425312605,325.5445686153688
458,1171.2780478412792,349.62864618706357
459,1119.7002974932561,370.0701483024084
460,1036.4210937646221,308.28834068031216
461,1105.3164091668946,312.1660434864786
462,1039.1856678717095,405.99300621954103
463,1129.4046791426815,300.0593856588424
464,1066.6483875309627,278.46875296784106
465,1075.5060604258508,441.560483327902
466,1055.6077309972538,383.96548404091385
467,1034.2055620236001,318.8813159480689
468,1013.5448858711399,442.7523567866883
469,1157.1164649784323,365.55439877912085
470,1062.1088177555469,349.0807944678361
471,1052.9044007129603,375.6049639921728
472,1090.8451765903756,350.36722887022734
473,1076.5419982858048,341.8921693346034
474,1065.1276707686375,397.3458263430803
475,1131.7950732640481,355.66575660535557
476,1014.534491206909,318.9194431938398
477,1027.1366872609933,313.06787921895267
478,1094.9699331014226,436.24877263336094
479,1108.7680838736665,409.9453915668498
480,1089.3635384650538,422.10252077254023
481,1198.8218092631323,355.4628533922928
482,1046.9215005880137,444.28607294982953
483,1019.5667407666451,303.4148058289586
484,1061.652869630006,410.60290235570915
485,1053.7493763753137,362.37127789317657
486,1151.5011775335083,329.7889748341824
487,1203.1727199790428,341.036176925209
488,1230.9826635465795,347.53187043630606
489,996.9203861356809,338.59811121741
490,1088.606955569833,366.882571935375
491,1054.2520494150885,287.5298384303723
492,1099.3681040544298,383.9975992766418
493,1079.681632087381,305.3589784603647
494,1158.8670178746909,367.14638236242416
495,1120.650864693387,246.25176520137637
496,1039.771027118908,453.7888370024618
497,1212.559178651986,354.03580061896207
498,1043.074371375268,409.74781695213454
499,1043.003598048393,424.4310627846791
500,1134.312097231441,328.75159836420676
501,1183.100236921271,358.7746103532162
502,1188.6235355820877,309.4194684118163
503,1107.0392613887223,330.63796333539756
504,1151.2973273471116,368.2077541510147
505,1158.9147794588598,426.7394688073224
506,1238.756327810721,369.54003875621555
507,1054.5360526471045,364.2204788971877
508,1157.8762974245612,346.49880612176105
509,1057.9408850932628,323.59467357155415
510,1045.4533773302321,293.6126581448635
511,1078.88452902613,377.6435308517829
512,1006.9793709201266,352.274276424837
513,1166.0299797235157,380.53731961475324
514,1110.9473086136034,356.580771456411
515,1070.3631828912685,335.3409272701128
516,1141.5176533595106,370.2911147206011
517,991.6303671010377,278.68410025991864
518,1133.919975835978,370.34330403360997
519,1009.026194349179,329.0961945904191
520,1026.7526993388267,348.58703155541093
521,1017.7579962438539,333.5378762727664
522,1154.3314789777337,319.21801831715175
523,984.8797321524744,393.40868291925665
524,1044.8650260402549,358.4802612040138
525,1044.2330710477456,316.0612125295692
526,1093.8042920887049,406.90303931027097
527,1039.605250249276,435.4601700854827
528,1152.433643402179,353.18078279307446
529,992.6988936506889,396.87796260146007
530,1104.2683230406,321.69518919055974
531,1172.1400638922214,318.0356966757135
532,973.6233951112099,424.9690235891736
533,1054.8336913800829,463.47433399381924
534,1126.3202950109526,323.13633163442637
535,1088.4613587295055,331.067214042239
536,1205.14430109429,399.36077548018403
537,1129.1616473949452,357.4960644238732
538,1089.1382240926698,355.92715906621504
539,1121.1233892476982,302.0747954175047
540,1041.557607391508,311.387371283406
541,1012.7109383075111,340.45757442771077
542,1039.9821328526232,389.24862704032404
543,1006.437218249143,407.07173455671943
544,1043.627483199253,356.77141843751986
545,1224.6798436774063,374.66662651925964
546,1012.8465672905836,394.51279695999347
547,1024.458000539548,328.9637291613774
548,1053.3630733847885,400.0476717326231
549,1000.68874517077,455.14449041585596
550,1046.6886431851678,318.7412360527952
551,1087.3043378023215,405.8850988213636
552,1056.5923935337373,425.8416113333542
553,1062.5125854132807,374.46079917102657
554,1116.7735974516875,370.0948594322902
555,1088.5048614861817,310.6983436077455
556,1032.120520353079,381.3112913131041
557,1028.1421493465293,427.478995713182
558,1044.5145035850096,343.1884188837615
559,1061.9237760782705,391.0568053009763
560,1038.3740320471484,329.192620829625
561,1106.025155124087,388.8611137215744
562,1041.2960983269465,293.5742807224839
563,1113.7835672166052,324.71251299612607
564,1141.074974932876,381.11103333514774
565,1207.1985212613451,324.55010119737585
566,1170.0990861355635,331.33058421851985
567,1131.0753362140538,408.2151286666923
568,1047.6400269512733,463.6282964637191
569,1075.5427734291388,309.23869219423284
570,1136.6140711341966,372.2075323794099
571,1142.5671127519818,382.88960234084186
572,1129.3348562449944,353.01281928579016
573,1063.0313589546981,380.51413754910743
574,1058.1015784022359,471.7483832189768
575,1093.78417015628,310.21803682238317
576,1129.961922653357,337.4092369854724
577,1195.2090890563486,401.28771830533304
578,1036.6738320739396,396.8394499317653
579,1104.570650988641,296.5532569884522
580,1085.196957368228,330.3421159983917
581,1008.8837004073973,410.7740902696464
582,1105.3467111691555,438.3777975140296
583,1064.7406970574702,460.2160611592773
584,1135.8081064824746,333.5886489109302
585,989.0553337082681,383.5040558789699
586,1071.203037358456,264.3805838490615
587,1174.5474631396626,384.4266958946067
588,1051.9468452034116,407.9744480369619
589,1172.5367140427413,365.17144654472247
590,1018.9587545874438,349.0250206661033
591,1239.8025138901626,392.1307538978152
592,1096.5564767255364,386.1846291679684
593,1034.2540277710714,413.09739736811525
594,1220.6458335019004,404.87294129885913
595,1167.999046178022,355.9560142744426
596,1143.8132088352497,345.81710960084604
597,1163.0019767760514,403.6489910613056
598,1186.775737376357,367.79580248936986
599,1201.0485098502797,384.0804776941692
600,1138.0415818687586,283.95441431012773
601,1102.4061328334235,362.7304375278982
602,984.9932563110547,423.89412216472385
603,1159.128290307033,329.4597184891353
604,1040.9215134115875,358.22183728145166
605,1139.7058088193573,356.13588216159474
606,1071.350731030993,454.3463507030341
607,1054.8919001495055,330.6932045269635
608,1085.2623396312697,383.3592206548586
609,1066.7366550515815,469.24720141413894
610,1154.400114668766,407.9153237300663
611,1019.1937174285862,418.8225109215815
612,1119.2402145956628,402.2307079442549
613,1034.846280175041,320.4037833600911
614,1110.8571638793458,424.742114896308
615,1017.8222242192675,452.5135807375487
616,1058.9419656267905,304.80422510110856
617,1226.8007042368818,379.6627963904738
618,1131.7955853706421,347.2071110349557
619,1126.666426131277,441.9424066496603
620,1033.172693684984,398.2207268290937
621,1147.8111680708794,327.83381070458114
622,997.3826066824781,272.7357623015242
623,1154.3173006716681,392.74236678317925
624,1088.8070327799842,302.19668769553067
625,994.3529424972666,464.95734320948065
626,1110.9592657358994,388.3518945482874
627,1050.2868009904446,432.0359031632463
628,1052.6362227520328,346.1934602006637
629,1164.5873267046647,317.2631603717845
630,1063.6710600644465,347.10213893984
631,1042.231947307803,391.94313523009845
632,1101.1608056923587,308.97256025040565
633,1102.1258609035237,398.2377346429331
634,1037.2142645349913,304.5940956103742
635,1088.205461362197,401.97651523172385
636,1152.2197960997166,348.48886786473855
637,1019.3309900065005,353.5398224316252
638,1087.5319912677187,382.393987722956
639,1046.3576076532627,389.1706973079672
640,1021.8359657443934,285.12260761784125
641,1114.2132511805248,413.95986376907695
642,1025.5214230117674,289.90037448700355
643,1004.1121844240384,443.7334832947864
644,1023.9911303194507,309.0281155194617
645,1118.3435946811044,309.2048998507884
646,1094.32520994322,383.6566279606196
647,1083.971116811471,371.0954927502291
648,1069.076462406955,468.2739739664777
649,1072.5403923208319,402.7150584752545
650,1108.8978753024874,467.69529899227746
651,1023.5665333533775,431.33034755665653
652,1207.262229138709,367.92951062127554
653,1165.0401058743253,324.9169501721182
654,1091.529850452725,375.28691850205547
655,1077.573242581226,427.5445897747897
656,1078.1570062229425,416.24106460643316
657,1133.7033782576127,373.9662737732126
658,1089.584500398866,306.1462228674583
659,1040.5415255969128,378.4669547082879
660,1183.8314253764281,397.7684556801386
661,1061.5394991380576,467.14504912434984
662,1110.8305112326475,360.2813899454431
663,1069.27850529242,386.87654960354155
664,1182.1899204432095,338.9599797986897
665,1070.2188071155774,435.2089172117064
666,1154.0487039297884,440.77115332587266
667,1150.8919111535388,382.2925920202087
668,1079.868619730876,407.14699327067467
669,1037.4295200280014,316.0827987258234
670,1082.084178354904,312.69531657224974
671,1055.2894982691648,415.81992040173316
672,1117.6699334448704,357.78540269524177
673,1233.4435349748733,356.01178144374114
674,1195.2753991757531,362.69026554312455
675,1064.0267640569386,322.1448339696138
676,1124.5830445572335,313.8117311198042
677,1012.4741434538641,331.8392971577353
678,1062.0403733601197,459.16334538641945
679,1056.7154518063717,401.9754476237614
680,1079.8462994516187,390.1641897726291
681,1197.8537947443047,369.22948920624356
682,1074.6434294127944,348.3982030238722
683,1115.5419430373536,264.2835829134767
684,1097.296160805543,297.2111464741031
685,1090.0880653975728,313.5575185145767
686,1094.985732550365,316.1058446365548
687,1140.6502026997643,326.34177104190354
688,1064.0433713088728,434.6371349857966
689,1038.2870800322432,332.9958791726389
690,1071.4020206116354,338.68576286753756
691,1037.625398398117,279.8578820320336
692,1156.8111432029036,353.45949651464014
693,1052.5886893852362,282.4143927101919
694,1097.2581885847846,333.36849477147484
695,1087.1275512446712,421.25927160377614
696,1048.5100411127846,343.03586831243933
697,1184.8938938320407,386.858778974707
698,1133.5071745066746,350.6395136348223
699,1197.516567244802,331.7879534492473
700,1166.208121590033,400.0709756966021
701,1052.8874146313672,444.2337549102377
702,1052.3620389526484,356.600380869181
703,1022.4641432022784,455.27137724194324
704,1126.8039519564695,377.73517130309165
705,1099.8502538680098,339.9129276709875
706,1056.6125818700357,434.0807594956127
707,1047.8824183168217,440.71495247134976
708,1161.6075891047433,328.1124514889371
709,1095.5200114163142,352.48106691561895
710,1063.3882681949226,312.2689261028834
711,1094.8176124319143,375.0098540894853
712,1110.2283747006338,432.0630572266258
713,1072.6338071707896,387.87669808865513
714,1083.2368371165708,389.18494079267543
715,1102.7954722827099,341.71764041658173
716,1021.1675360036787,451.5177861598464
717,1187.3454887615599,400.1634735410317
718,1197.0892626551044,356.3746660773704
719,1187.975009678733,401.71354553800984
720,1068.102256390713,333.2674121613445
721,1099.227884443895,410.0017486480854
722,1073.1955325895317,370.0917955220747
723,1119.996013933044,297.17224403347495
724,1059.5077738879056,368.9329015549469
725,1152.786729058475,400.4927547686273
726,1068.5560532660413,377.1016876104225
727,1043.0146449724343,433.3299813892074
728,1167.9414676401368,329.4801832631219
729,1161.8133745303337,352.51585926450196
730,1024.9098989666627,276.47522486481165
731,1164.549068543881,388.9578543619554
732,1165.0558727811988,393.0456813791991
733,1176.9143527823492,380.1984454435351
734,972.1439209914331,312.67011251865443
735,979.3593956707176,437.00640592371985
736,1122.4119340688715,327.84763688973885
737,989.8100043674351,423.80044078200655
738,1126.6014732987453,367.1712230764515
739,1035.2834475557552,361.7989257358203
740,1015.343491222033,366.36908612487656
741,1045.1030300313485,372.1483997227082
742,1146.072505802075,314.69314862177447
743,1100.0337918283183,303.47350158634754
744,1208.4574285315748,393.3646203614514
745,1099.8197183211469,373.0384632497944
746,1019.7264012076536,374.23435798516294
747,1004.3035773245965,385.91410643613784
748,1128.440134309106,322.45014125061294
749,1012.1163170005025,421.03806707778193
750,1023.493599670928,399.13854830565225
751,1072.244715731102,315.9843690632073
752,1116.3166627977448,301.2748210347704
753,1061.9156899874351,350.8980896666485
754,1193.9668445135037,393.4127322129931
755,1076.1898301624717,402.08427303200773
756,1089.192336119303,362.4481281931103
757,1190.6262748810066,391.10272561196956
758,1181.3839408999381,323.0349251481263
759,1071.3946137556416,367.7847280488994
760,1225.2865716307438,355.52443505025303
761,1166.7882656864767,348.18701892034176
762,1149.7866882292094,391.6996704483223
763,1122.2857257322748,330.89258593262974
764,1170.0016297363336,344.40963004493585
765,1127.6847860666628,390.9075754544124
766,1083.1818759737155,377.71882055615174
767,1002.0509414277042,440.83337907843094
768,999.2512398554184,320.5262627674273
769,1166.0433447108524,339.14958238443734
770,1033.5970078347077,328.3906761769722
771,1109.4124572703151,367.96820122655583
772,1021.7352233282551,390.0687891610545
773,1080.0603855481313,355.9994763860001
774,1059.7779413836781,436.81945551746736
775,1140.7122680606637,385.0859703997212
776,1094.0357916893502,365.76523285971103
777,1001.1941042440482,421.67252309767065
778,1003.3081146882488,295.96810132073426
779,1166.9303330471107,376.4344360719568
780,1027.476758486735,383.7117148999186
781,1060.1429976184347,344.05545082014305
782,1188.0037281749887,353.2162198078857
783,1161.7678558183882,411.3696580205476
784,1129.2884134430649,404.3091627533181
785,1060.8253240390334,356.29481385534757
786,1026.9775720379907,369.61003254397883
787,1065.5716592006895,452.2010560295832
788,1042.6519775449062,388.3481108313741
789,1068.4382118232868,428.7790564260955
790,972.4251179204447,442.0858528480356
791,1027.4356530867565,406.06757876303396
792,1081.346722612253,398.66745373298073
793,1073.1640021589735,295.85023703355984
794,1079.784538016949,384.1478919562638
795,1042.0652333397488,381.56890235097626
796,1016.9303298730234,361.56837648773035
797,996.8237166168133,318.09454378723706
798,1201.4546871209675,326.8347874742108
799,1125.2226294509876,414.3154192743806
800,1073.0492441999231,342.70585931870625
801,1031.0898713584313,277.38351943126355
802,1086.3129796897324,320.24768846464826
803,1122.1956575852848,359.3560616710746
804,1069.97397705479,390.0802556463244
805,1138.6065370765068,413.4936030385396
806,979.3569954027369,460.5849862399648
807,1064.1520662118417,423.9955850298356
808,1054.4258374196068,389.7013958123485
809,1163.9273238118935,375.8155499661695
810,1105.1635076191615,373.5560146811771
811,1022.8770345372308,364.2917267848387
812,1148.255308708652,347.7313252503009
813,1114.8721942276661,417.2978459041126
814,1054.8865011696346,341.70748529992284
815,1210.3381104237953,361.15005139118676
816,998.692967237134,439.7981383394318
817,997.1617162671979,381.710974344271
818,1024.5590426590627,317.5289965358617
819,1109.0377741210773,375.97024800941057
820,1043.0989665359573,334.60297256446967
821,1083.0151382640552,354.1676078769858
822,1038.301154116396,450.4655678812441
823,1144.61452878639,410.67006331175475
824,1141.032500043641,372.89428833458055
825,1116.7683147735597,342.746009205758
826,1012.6856060137475,313.74555626489473
827,1049.373970655332,308.62893809557363
828,1223.3042859980185,389.40133165560565
829,1040.5663597409737,300.8537733722954
830,1128.3945399682057,281.3567095276135
831,1080.2778706604481,322.2213496810827
832,1200.135660888825,320.98763713195075
833,1011.4235240262575,410.8433406638537
834,1184.6039097637038,306.6325194004337
835,1134.7359356073862,392.44269834070917
836,1180.0129650921888,365.9096779127588
837,1135.1893786877995,423.4769350327979
838,1088.3823423145761,290.25040122541594
839,1119.2351468063546,333.47237185441156
840,1149.5736068321742,371.79814768602375
841,1031.684943423083,362.4381198605812
842,1090.3255516385461,398.29052868247777
843,1048.5455500281737,329.3247245421725
844,1044.9188079764326,383.61110572655497
845,1138.799828892882,417.3978084461641
846,1185.1016680024156,327.94873298911676
847,1114.4141006755358,243.17352303928675
848,1100.1699794774204,320.0778215289328
849,1021.5601216617505,415.3045892023372
850,1022.0680983255291,334.1188938514307
851,1125.9074793529833,428.74681473674354
852,1137.2934951670852,347.81029471944964
853,1075.1513947565975,437.3346003405466
854,1196.7099352399832,394.543299213973
855,1081.3425377704598,456.656427693303
856,1141.6457202900122,358.2717212352433
857,1046.2613384023914,307.6323959723085
858,1040.6314014153959,352.5866896249115
859,1074.5574585084357,302.82435431518394
860,1232.7544333643455,398.1309571155679
861,1183.187346908485,336.6684417698792
862,1054.8131048916134,450.5650005400127
863,1090.7706816172506,371.6911583463192
864,1098.8189145973836,375.8328322158537
865,1009.5035128969765,416.7155751283616
866,1178.1110088579285,355.7152679038359
867,1084.8462533328313,424.5508485858255
868,1069.6198427923853,461.3301643146721
869,1102.2481592638226,368.21351227511286
870,1026.0008348889817,355.68328882501703
871,1114.4187941725481,425.81222669544024
872,1073.5120044912467,287.21909456027686
873,1016.3095837216924,385.36334631242255
874,1106.775159231455,455.95077935797485
875,1155.0618372791316,341.0098056675033
876,1081.02129018877,412.2556441020135
877,1109.090724339695,390.745478984268
878,1122.1136797315553,420.26757813651926
879,1101.7679666263052,326.4231898696653
880,1064.1852974379992,441.3232269181426
881,981.5606570799673,448.3791453034551
882,1003.153675333814,412.97089516444214
883,1029.9869715100542,325.3334594912648
884,1178.3614876366692,352.19594629258944
885,1051.7896042246339,417.53566309063785
886,1117.7591659620675,362.5513859322169
887,1084.2599168346796,339.6742802550943
888,1092.4251531028565,355.91675764713347
889,1150.5590633258246,442.5471132905515
890,1075.0493240473302,390.9735974465898
891,1077.2026747934137,384.58555361666805
892,1096.730139905891,407.86407655156637
893,1162.3609466869655,413.59611083677464
894,1027.1061030717676,375.7900009695929
895,1080.1044258767888,382.0998637545398
896,1028.813865877662,354.92203011933765
897,1115.6368280144509,347.88476916442005
898,1017.8734108423448,383.89909410096277
899,1052.1727000317153,428.51945387519584
900,1109.0107301669748,396.1744804279782
901,1058.286524924,414.98452615310094
902,1068.9030173547044,398.78306393371497
903,1208.3459105706404,345.8155549976813
904,1084.9483951931998,301.12644503161135
905,1126.868001696138,392.80849951348773
906,1137.6002316654206,398.6631442293092
907,1142.63478698793,352.77886573590223
908,1099.7766554213947,366.20130739288527
909,1058.0662479171883,411.5726761827898
910,1082.9802699129314,391.7355340876104
911,1092.4916135345097,378.1306954808987
912,1076.8656760540357,311.69068036036873
913,1213.1909006046403,342.04623111224015
914,1166.027072631774,406.78996898216684
915,1147.0959491471513,399.1197583314424
916,1061.635235309053,428.3337375693424
917,1072.7668873224188,429.36091367140557
918,1143.5985033858187,376.52016240275856
919,1117.6976432513168,376.23277833436316
920,1122.0321871668318,390.6561024204431
921,1080.8471684784517,358.4221989055854
922,1036.2595768892484,465.3871757986289
923,1077.4189048604871,397.7698006349241
924,1034.4131413628213,354.1910133384978
925,1138.3579648303041,445.89077940620615
926,1222.8315560281742,397.05438141268314
927,1158.5241284505425,335.55390396270764
928,1178.3327958422417,324.67781903067896
929,1027.290673988995,316.0740909514657
930,1154.741254978046,412.601648052852
931,1077.6877116125715,346.07916798097835
932,1185.3403135485094,332.04511418055677
933,1015.3102577447795,314.8438917791521
934,1054.46938604674,320.0977598956873
935,1044.7760575740085,310.78935870443496
936,1161.9439060248255,315.962420257916
937,1225.9436328703819,340.2451652010597
938,1076.0189473630066,352.64501126564346
939,1206.9466149748432,374.67937973630933
940,1159.8518342643915,387.4006681673343
941,1201.7686629320451,410.9473506972639
942,1035.2236625446744,334.2333294475271
943,1056.9181762937867,355.9832902600432
944,1061.92504097315,360.05776380005227
945,994.0045274301172,283.6724263876745
946,1132.392584508956,325.5023795481966
947,1146.7218378233497,363.1010193687576
948,1070.2280156538195,441.4087503655418
949,1045.3979723698444,298.52153557594113
950,1186.253202699846,344.41479642291864
951,1017.1979561091968,319.09632551188713
952,1201.4655718515949,344.3571454512031
953,1041.3486664674106,282.82336611472306
954,1102.2123290970924,407.815868560687
955,1168.9686297715687,396.7873291175431
956,1125.7374842007712,389.6915007016976
957,1024.688948567009,340.4564407105785
958,1034.2133155517427,441.73460896138215
959,1081.3570775202122,338.05023217629997
960,1091.2929794088834,396.6132878052851
961,1143.1896183755298,348.8922191940621
962,1132.9191726261197,379.5745823535405
963,1097.1601414312088,351.2424759655924
964,1200.391954186777,330.1720036044144
965,1053.2187812298134,301.9677681030048
966,1072.3517629602936,438.9112560260134
967,1011.99118757783,347.2080901729131
968,992.4087779652585,337.72116458878594
969,1186.9926827829709,337.79763587486764
970,1055.213408235068,409.226039187791
971,1014.8045294877846,353.5508424455495
972,1044.8422260659265,398.9028006205788
973,1099.9949350034644,282.88169043765777
974,1002.1334729888479,401.1285767949096
975,1156.2897357951485,382.30147775482436
976,1143.9894569001342,398.56261312357356
977,1190.203620696369,386.1304717506472
978,1052.4413246446145,333.347952892365
979,1005.8239060508973,440.2314402155646
980,1028.902116921463,390.8657983394718
981,1040.0882352388244,286.8372890793433
982,1130.508735382311,330.82369693315064
983,1134.4809307836424,310.9188706642133
984,1036.5393180039043,311.8355015949631
985,1130.980276876695,398.3626528597771
986,1186.1234237239535,371.5367502323005
987,1111.7173655969618,314.29610821001984
988,1071.1482504278379,384.5409774485938
989,1086.1497626078847,349.2023212188128
990,1062.5106322730087,368.0289004884148
991,1006.3587727175047,375.413449086406
992,1085.3489361177203,352.02819976379374
993,1015.3444953952278,416.02374845263347
994,1001.677877279096,410.9124670015688
995,1106.5802358817466,355.05005651212167
996,1109.4961342091356,339.50754470263246
997,1051.867727565663,337.6502662225751
998,1077.6891907792178,463.33701513555417
999,1172.8918383616863,345.5001215186691
1000,1031.8207030122335,344.0358079828983
1001,1008.284875739345,421.9862391039609
1002,1003.2877696769314,287.12220178512564
1003,1131.4216088488954,401.83617329239746
1004,1131.5073175081798,426.7878353191296
1005,1006.1241737917953,307.5835038689349
1006,1062.114855861663,464.8136112246462
1007,1191.3644398085341,376.34552176902935
1008,1066.5173506761855,321.28396277672005
1009,1040.4026536592621,323.0213361381802
1010,1075.0882854490249,339.4894190283552
1011,1040.5362268486278,471.55436117391076
1012,1033.2280161859323,422.85298512493296
1013,1136.7560656444593,325.52919868885255
1014,1179.182243094523,327.2902268459628
1015,1125.6202158193162,355.5878810005764
1016,1041.9014947338935,430.4937676010907
1017,1109.221453527679,360.1347461514108
1018,1011.3302546395341,388.8136275195717
1019,1059.0730351699149,319.3266334706353
1020,1028.0613337156103,335.92122823327827
1021,1209.0574043722627,401.0161472236622
1022,1128.6394847748256,317.0076855251943
1023,997.9937192284088,417.37385787351525
1024,1196.675877184211,344.1470501700374
1025,1125.8249843405372,405.3094765586737
1026,1032.940244202116,400.3885596262137
1027,1058.278352488695,338.5941412767253
1028,1160.2229163460456,370.5515952979459
1029,1026.959561810766,440.5918946758734
1030,1112.882081298817,402.83745947569764
1031,1103.7631078576355,377.8686618785865
1032,1051.0783344296588,368.11664217562407
1033,1033.67062275155,437.4033878179495
1034,1090.268616566947,380.004837037242
1035,1024.6519323171838,372.8163721067716
1036,1206.7252906792276,360.68443624476816
1037,1080.6884674837308,373.3387087032913
1038,1059.0577166670173,307.25008478231035
1039,977.2819884663181,300.1497557224461
1040,1039.1303146463972,383.9416345872752
1041,1087.4404122337776,298.5223437520537
1042,1193.9060757391528,388.63460835677523
1043,1043.037323742443,450.53194410963636
1044,981.7866087464195,422.573125703683
1045,1111.3656075238835,398.26164232651394
1046,1024.6063843943812,345.5540488848171
1047,1004.0805228806623,405.076917192598
1048,1009.7233439145795,293.5703695765977
1049,1109.1965590159903,306.32873217312783
1050,1148.2205945145317,393.3349969581224
1051,1001.6503543761222,357.32843240772854
1052,1042.120849505957,279.2519940676596
1053,1078.6145682884733,319.9950345830956
1054,1179.6463618994196,357.61827405269315
1055,1121.0240178537538,322.61967479716276
1056,1081.4002680153014,433.0101296675985
1057,1072.520081479939,379.9352761257496
1058,1064.1386332583888,400.61061700565193
1059,1052.6625207475813,299.39707358826604
1060,1091.0186547388025,387.4265981405505
1061,1135.322091288528,330.8443513017851
1062,1042.511130894684,414.3671648121358
1063,1071.8459229291389,397.1793479110365
1064,1086.5065804986011,363.2863072708535
1065,1102.6320806231784,357.00945584606865
1066,1144.7456072778477,354.23047627023107
1067,1151.1638494861322,314.7505013725479
1068,1012.953748099348,416.7921091949363
1069,1070.8671375438976,345.71430773936964
1070,1206.9184693047457,387.53153741263594
1071,1022.9808282708874,331.37131379983674
1072,1013.6357048312266,311.6980860048121
1073,1087.1180646709388,343.15343069305703
1074,1033.7037694217881,366.1934939305659
1075,992.1373684470055,350.4742447875511
1076,1020.5592916728735,397.53766837776897
1077,1069.3167201255048,312.7310961710863
1078,1094.22399914594,326.5742987029706
1079,1123.350221864227,383.6409302656253
1080,1148.9076789165854,368.90728373496626
1081,1131.1699641775679,385.4627807262408
1082,1103.0851792375643,385.5684740497941
1083,988.5981673705118,440.42730649766804
1084,1054.261052962622,336.44464930385425
1085,1057.9209080767562,366.82319039778037
1086,974.3610156133864,434.5739313550288
1087,1027.4416908940486,443.22381644256205
1088,1061.3779204058396,401.33516651717827
1089,1075.9547649552485,405.67285732814264
1090,1102.0900819157937,404.8637959000902
1091,1200.9110602207306,336.66751358467644
1092,1123.91134363345,405.61415835211926
1093,1063.4495464240408,388.77562037390385
1094,1071.3261109309367,371.48543567898827
1095,1059.5805189961397,332.9152406137955
1096,1090.7297681094065,441.5364490407273
1097,1112.7600141559192,421.6099937769028
1098,1142.4168397482767,392.45448780747705
1099,1170.0638360736439,418.6018171577848
1100,1119.674687788445,395.65361207128393
1101,980.378683558041,424.7381759450763
1102,1063.418517016352,449.32696539924666
1103,1013.9641687976739,329.66817615614303
1104,1054.0507934589123,440.21394096304556
1105,1031.4313305406436,427.1967577218442
1106,1059.4336460446125,448.3291741268133
1107,1063.5247106559427,416.42487228917946
1108,1047.382745969246,356.8619770792129
1109,1057.4055683440065,348.13671441132533
1110,988.6037442566861,414.076644939775
1111,1068.0993448174063,438.29719659906056
1112,1124.9622108530336,327.8860619355854
1113,1017.6912163492185,414.8437990416506
1114,1074.9099488314678,364.28731794931804
1115,1082.4823838169991,374.70149732236405
1116,1047.2358160129918,347.98772629012626
1117,1181.8108179870003,362.80380120514155
1118,1015.8536639337133,434.40757624481256
1119,1194.2642231936145,350.3361730648402
1120,1072.3309491842213,421.42656679894804
1121,1010.1735786210581,397.12943983613303
1122,1078.2156784786,367.2562799136656
1123,1194.1026635666897,328.1234924873827
1124,1084.3414114137183,461.6715126641105
1125,1109.3702137013506,333.6373116992336
1126,1096.0319722382146,402.59357934451475
1127,1051.8823390435334,329.2489538286043
1128,1070.2256285428643,351.9288125564169
1129,1065.7594680248587,341.50940657523574
1130,1115.2975277222845,316.22839904552916
1131,1106.4928763632536,335.64573464517997
1132,1044.8363410692734,362.23223857091483
1133,1059.743471573045,377.9418814146046
1134,1045.4730244995574,468.51032905404975
1135,1066.495108801647,385.69374088877663
1136,1085.0356344845272,322.3914482941719
1137,1081.6007975824855,330.36400683167994
1138,1005.4290172910531,349.4816871455106
1139,1029.7108498137177,340.3350808753805
1140,1064.0040958104948,299.91169784215526
1141,1103.1802516165735,348.0945431212825
1142,1030.5373406064791,456.8578792630888
1143,973.3167862675625,305.65308815043704
1144,1096.5713770918082,321.9354061498919
1145,1097.812354023637,379.30088029635255
1146,1116.9080992970598,421.00720483177076
1147,1168.7708450059174,402.7963198758063
1148,1057.2212679843317,393.5290908873001
1149,1187.9339875224623,335.79119050677554
1150,1063.436589395598,315.5876937901052
1151,1164.1556344371995,307.217445806048
1152,1021.8499023710607,361.3378822727578
1153,1041.088950095738,319.49295014615524
1154,1046.660403005847,354.1078858305675
1155,1081.936945492658,307.4431779554593
1156,1103.870948174189,318.1653889612592
1157,1071.0149282982723,301.2511488170273
1158,1178.3300903636862,405.1308584150762
1159,1062.9763234376117,339.42975953292466
1160,1104.6487999575354,424.9641109312158
1161,1154.3155482310274,403.2691293313016
1162,1089.4022170992566,386.40764518128566
1163,1057.7830844342095,336.2315124758176
1164,1091.9840396431832,427.6470288930133
1165,1069.3778993606381,405.3702745062931
1166,1001.3188172436611,452.3315966639693
1167,1004.2075064226148,336.9866857271739
1168,1107.487981344489,422.2661412224058
1169,1168.9439292381296,405.46332094576775
1170,1031.8527329487476,325.0274413082394
1171,1047.1968991338708,407.78463541675774
1172,1046.4385118257362,374.96296995177875
1173,1045.4499229786118,437.72035247954307
1174,1208.5470090426054,348.7797388874621
1175,1076.9409681426164,299.2997704645534
1176,1119.9602281982495,354.964041172305
1177,1143.7146423538782,388.5294987461188
1178,1110.0822206979676,311.47017937990114
1179,1030.149320538685,400.87938211748013
1180,753.7899594618716,502.01566594896815
1181,747.4112244733964,499.84290876412183
1182,719.1332613483162,473.68518200302077
1183,703.7237237051078,468.72939026779187
1184,754.8550271653087,457.9696026591505
1185,754.2871774098312,484.7239219074193
1186,748.2824235339704,542.2976100336138
1187,684.2298779048456,471.0179571797772
1188,738.2429092666633,518.7139055243954
1189,769.3973629009886,462.93299670241464
1190,727.3067343711123,504.4188600847027
1191,765.5886348674018,475.1746616136253
1192,779.2120915202465,486.9263100352173
1193,751.8679101740279,433.83195849362704
1194,699.651730305016,552.1440988495074
1195,756.4687341490466,475.7475889731553
1196,907.6385229863095,436.1917017358029
1197,764.9741399078259,464.19754189439766
1198,746.6211315898831,502.3120807039255
1199,729.5030448823304,469.38829705434
1200,721.4875323693384,439.1737268799809
1201,764.1816956515015,500.5399288860687
1202,784.9020194140496,474.48652013134273
1203,918.4889914219046,406.34853091437344
1204,752.0933790762178,454.1409899830593
1205,735.3714041255366,525.3567615058369
1206,812.9087134423618,503.8840951436131
1207,803.8081543433635,504.03865701980726
1208,726.2321108848153,439.16042226939595
1209,736.7131755325279,423.609591683598
1210,719.7851157215251,479.2260518941843
1211,817.3859932477646,462.0664890744823
1212,729.1908468176639,435.91310690367794
1213,793.160439085796,510.9533581731072
1214,748.0605830906325,517.904372605555
1215,794.1696893171575,515.5589084746557
1216,781.1259892680456,508.0911643596024
1217,860.054275826279,438.5988766514979
1218,952.4190224689669,450.6658247880476
1219,793.9673105558077,495.0811849941567
1220,719.0083243159906,469.52928548491127
1221,762.0117838686211,515.6840241854727
1222,777.0892187837094,487.4871638841409
1223,748.4331746752051,487.718725948298
1224,775.9930551610526,519.6202278507145
1225,736.521247854535,497.8851112271207
1226,729.3947054306502,478.6438282392986
1227,749.9139393070326,441.8171319960104
1228,769.7509546280425,556.7187351893081
1229,726.8659553780707,459.392658412202
1230,707.9538106107244,458.1313689257869
1231,677.6399802196395,522.4494780295455
1232,725.3319061048337,431.46867421219116
1233,761.8628020899935,512.3121128322274
1234,763.8925256608267,504.91840588134954
1235,718.0269531630687,447.0542648672286
1236,781.2725408794583,459.6319333996338
1237,750.3623543239016,468.76477213258164
1238,721.6131775073094,447.170118431353
1239,752.5735533352752,473.2376765496676
1240,713.5885695249316,462.3534706383121
1241,733.9840724744835,510.0266723608521
1242,725.3536560414522,426.4969431068599
1243,851.47937152936,482.0633176797145
1244,773.0348223327483,510.6316627312119
1245,781.985935659263,471.7512234327912
1246,779.2168903852208,467.1747667679141
1247,760.3886737680543,422.2262227039688
1248,786.6352042565444,510.26088019344115
1249,753.3474275375538,460.7931895334787
1250,722.706309197385,418.6880815841939
1251,784.4112757904056,505.4061310531864
1252,740.829400774636,530.4540927688549
1253,742.0929488849515,436.266249560823
1254,754.0527260463666,498.83261091725046
1255,734.8866326615796,481.28793752946996
1256,766.1564588718351,499.73734312142255
1257,744.4364956907276,503.65608509221255
1258,705.0243032343633,446.61680981302993
1259,837.0674516704743,469.74860333731357
1260,833.2517906260744,445.6092767387475
1261,722.63100950669,459.99670019843086
1262,759.7650492287113,452.40539804255513
1263,730.5478787401372,504.7546923062304
1264,757.553087744748,521.1097550734437
1265,755.5941923314991,456.32160338690665
1266,764.7409589758913,483.4735260021234
1267,750.5841632668613,498.10916757640496
1268,776.7719884458367,463.8227069585682
1269,796.2608581004704,471.1494191296578
1270,722.8636820258814,503.7349114626369
1271,764.893775436323,520.5248177053841
1272,748.8544685129788,454.1141310340397
1273,752.6525243833727,466.0861820067248
1274,707.6205981154817,467.2307388904599
1275,749.9798420454935,459.42319650804734
1276,728.5768315217422,440.963178611233
1277,750.6650912648458,456.20391184888933
1278,727.8561752993731,490.8208966965489
1279,792.7560122509421,479.1135598419633
1280,725.8204274553233,511.52593787704507
1281,769.537265392417,490.49778778800334
1282,802.9362505197554,478.7412273645954
1283,724.4165371988882,469.5606124145209
1284,708.4617389497304,474.8049491428661
1285,723.4202110575503,497.50197641389155
1286,779.6136829008677,460.89387207957435
1287,724.1180042254224,451.6090187088974
1288,719.3449341599754,440.32350636975303
1289,736.0955428312627,530.2811277484295
1290,723.0490142080934,427.0287962417728
1291,747.8054901585318,512.6954900116756
1292,745.4295970325871,432.23105866226194
1293,777.7552663474429,492.48200791212656
1294,760.2303182439607,468.69074487883756
1295,767.1006304886263,455.69496734809894
1296,738.8959520082525,466.5830693869112
1297,738.7099375816223,510.33772999512024
1298,754.0306413561761,468.17759836673804
1299,793.9159489999319,489.5504761570621
1300,786.8172842810538,501.35907075150266
1301,742.3473187570119,438.478631344437
1302,781.2256313893469,522.895269997081
1303,754.349325799898,445.3756579661772
1304,733.9429222472781,472.57562598603806
1305,773.3479897083529,497.13666712534535
1306,716.7650580655242,467.10923279020705
1307,705.6253981821518,529.4729825192513
1308,733.2071753871867,477.8542505967622
1309,761.9402220817514,469.064614850083
1310,711.1645080085013,461.0304925036294
1311,776.5369496448573,477.4865050073346
1312,726.2361636561113,445.944291755905
1313,729.9624399436937,446.79236723649046
1314,782.4945349737637,532.389232592373
1315,742.3266930189926,472.2559847855915
1316,761.4853658348474,455.76227332656674
1317,708.9529022832968,445.7659062889072
1318,800.8963611026243,489.4973457509658
1319,744.9474556169275,478.79301344967695
1320,713.8829370992448,497.03491581499185
1321,652.6288680532431,519.988200710916
1322,802.4711280759427,448.20156911893383
1323,816.6528341783367,512.7408197179751
1324,770.3320676578287,522.1181808462031
1325,740.2078996739035,461.4937839511775
1326,904.6475235215371,439.6590674319949
1327,925.5884684596991,399.85565621480646
1328,756.4513177518423,508.435915080479
1329,717.9959088369317,450.4576180141229
1330,719.1990539764606,515.9512653202777
1331,751.6531507571614,494.38713129034585
1332,736.9523301045537,451.307702331661
1333,728.7727595545703,422.9947862802903
1334,779.9293860872621,491.5909015759043
1335,733.2071807427127,448.7155855326617
1336,788.4151981783834,478.36446569217605
1337,788.9760142873859,491.7267736774355
1338,765.5060091491812,452.7647640862463
1339,735.9023003068106,434.33083068096005
1340,779.8481387131172,471.1811516622563
1341,773.170815730972,461.2551153296403
1342,665.2191057332643,528.0506384147801
1343,725.7230176929257,481.13226466045336
1344,685.2331575311409,503.2712030878948
1345,724.1762775584705,546.902525331878
1346,955.3427978472539,388.7563430902632
1347,701.5664055080317,440.3931558062544
1348,787.9081777241263,520.249474565439
1349,749.169042645656,450.1150663404511
1350,781.5613865726416,445.0317740103288
1351,724.3751924256535,448.1607599662159
1352,758.9193693716817,433.39465311409947
1353,791.3034011223555,512.9026141441234
1354,733.3863452213571,467.4026648037605
1355,733.3886858254125,435.80671739690706
1356,798.4733190591453,481.1160736313802
1357,783.7549101711917,480.88804084281844
1358,776.1718648928044,469.68754657834506
1359,705.7324446359557,450.64941942201534
1360,725.6480050942694,452.78280303838665
1361,739.3370985679963,515.579923447271
1362,727.0979000940346,434.3316582393369
1363,743.4183000873451,529.3074275898816
1364,745.0986264802905,460.9591477977093
1365,720.3129039775208,524.7716351205543
1366,753.6837503416743,506.0241616999959
1367,797.2645285897821,518.5367115319373
1368,740.3793304746174,421.51876672366154
1369,742.3823625445166,475.31321719128164
1370,744.1964761235079,465.59622705885835
1371,775.9038361417446,480.47942972311307
1372,765.0308901853459,558.9831397034911
1373,841.9564561771623,536.7390876996174
1374,745.269463817154,572.9121462859753
1375,808.7869904370809,512.5493549317607
1376,713.9218770956176,442.45985766569964
1377,769.4346275159488,457.1356898646364
1378,751.820906317146,444.1173220508153
1379,795.4678460945437,528.8941272247289
1380,709.403769369799,423.093409620306
1381,722.9794729325257,481.1713960321628
1382,806.5145510242535,503.2822922904662
1383,741.9406570659669,523.4875415774812
1384,741.4014992569629,507.1393349147405
1385,741.224330729467,447.47824710439227
1386,743.9493878178259,535.3039445669067
1387,752.8765361015412,537.4832385620848
1388,771.7023683296557,455.61371335997023
1389,783.0035096839235,486.79288557684566
1390,730.7078906191371,443.055713953934
1391,787.9918143012956,457.18697818569945
1392,693.3232591102955,454.5905369128141
1393,768.3635860109902,440.23007085942675
1394,753.5342505086489,486.2371013596382
1395,755.3300565202909,512.0126232051548
1396,690.2137077749212,484.46828878757634
1397,742.9527592919843,456.38263819196726
1398,705.1248780631789,461.0647984055906
1399,722.1519080519942,463.97929834945137
1400,718.1542033842672,502.6079426786088
1401,747.4950922915967,473.31631774383294
1402,739.7066472227717,453.69470512555426
1403,695.1184637531685,527.683085408521
1404,813.9995995141036,490.8719457997019
1405,790.9903135843009,468.53132081519067
1406,704.9031755724851,433.33201011563995
1407,750.1187291676955,463.7710422235615
1408,791.1072653358121,508.01747639010284
1409,780.0815452018919,456.8902085930332
1410,791.9982255856929,461.2652292660545
1411,706.5696334597362,483.7287179447002
1412,799.1163580681181,500.4330467032084
1413,754.3225866877846,495.8560812391817
1414,751.883262755997,446.7650503370868
1415,766.3231515555932,460.8437056445615
1416,780.9767087656929,546.4186706120432
1417,735.104938392968,501.7321885808128
1418,784.2341300448122,472.4213357875715
1419,768.0259649423276,502.79338254914364
1420,720.30906829808,443.3458901120351
1421,746.922322915192,495.3346846804865
1422,732.3682856766453,517.52482122491
1423,763.2160580569996,473.55551569164436
1424,812.3845311021595,497.938107473719
1425,808.5575519714034,460.3184866653999
1426,795.1484128280732,496.9634232571592
1427,769.2098381847117,450.16382584311157
1428,765.6222694507273,514.3414221114261
1429,810.4213624636501,521.5983230689087
1430,788.5008493828356,494.50619424341807
1431,739.462442908385,468.7862536203736
1432,718.8085472504808,521.2382455489645
1433,728.5257837402893,451.97142330048877
1434,771.8799283924263,432.24285370959365
1435,771.4660005008219,480.3150522854726
1436,767.764015484457,488.5322110186265
1437,799.3796745121231,515.7682722268854
1438,743.4068829993917,483.55474218079877
1439,811.1894381834172,440.168852803874
1440,785.8212122827313,484.350310445915
1441,786.4830936837212,508.2953631353311
1442,738.6551318029203,487.0211283372911
1443,726.9063655734224,516.2784311924513
1444,742.8016307532429,453.339706843435
1445,773.981612253945,472.29274764680645
1446,709.2620423701774,504.9822089521984
1447,760.1691799071065,474.6451978822807
1448,712.7587154147766,465.5978545155349
1449,736.5110769618406,482.7179687547733
1450,744.7103522018691,514.2703022985985
1451,735.1202301558067,459.1302075542532
1452,723.6067723033976,483.99838319342666
1453,748.1079752255216,493.55998918483704
1454,788.7290421039362,488.16472510730836
1455,763.8632292801349,549.8376971785837
1456,800.3404619605616,526.6319263320304
1457,800.9562020485366,551.5924527336201
1458,674.1233642026539,518.3782921794688
1459,769.5745114183528,484.643035945063
1460,749.0763101204409,482.22372319477796
1461,768.987791019069,474.39549971854416
1462,757.003713064404,503.2079390027302
1463,753.5313485158359,436.39035782031357
1464,804.1784930642044,510.92444089492085
1465,749.8147970910504,448.1701794872038
1466,716.0659309971238,485.8260608839446
1467,739.959955569973,539.1051993623515
1468,738.6242967885803,535.2407118022978
1469,726.4705952032361,500.1736931123466
1470,760.2377411287126,485.08164941711806
1471,737.3299266639658,547.2337479288221
1472,717.1999610890754,480.22409765731123
1473,736.4859277486107,487.01799362506085
1474,758.0991099537921,489.5288490305935
1475,678.5240441503526,603.6294266153715
1476,775.6071524336771,474.8540983710997
1477,785.9586821476718,517.8034256768285
1478,689.8767973110997,452.41863845539035
1479,731.1084768666447,487.47031280396646
1480,788.4633640207312,562.7770884392414
1481,776.0034482920606,505.0096089837907
1482,735.8197985572957,492.2167279757885
1483,744.5444312092311,527.515653610219
1484,798.7429854610816,544.5632185175195
1485,775.9430921363521,490.9931152368558
1486,762.7152981322375,524.8856202596515
1487,714.4321798359231,456.9508921567312
1488,770.5154487728695,506.4478003499423
1489,747.0073919337971,481.8220469206771
1490,776.9705411355428,483.44334024299854
1491,780.6411562345135,477.3037107782088
1492,801.1404486091055,475.44372698554616
1493,793.1877599534463,531.46066062773
1494,730.0928668512034,454.7125267405234
1495,769.4147013601519,539.4022898967809
1496,712.593290263002,488.1665384841503
1497,722.7638563109523,535.2131410640245
1498,767.6271629221983,531.29539327095
1499,741.8120249979954,495.9140431414216
1500,766.5042958286248,470.9103284980279
1501,768.4009313604766,468.9663828186952
1502,734.8748192986437,504.31025946645474
1503,760.2655827979447,491.73186631483566
1504,733.2245776916591,470.13819278848274
1505,749.1082324786529,525.4862527531153
1506,751.7816477340097,532.5183289669667
1507,808.002028960607,484.7122201146867
1508,801.2648038836982,454.72740681235297
1509,727.1295999191694,507.15460455777566
1510,721.7266983601389,451.43302199960374
1511,798.1056556279201,539.8792184429851
1512,867.6069810222768,455.8096557325464
1513,793.6326061061942,499.8238473778059
1514,696.7482371471704,513.9895018180857
1515,732.4419263949552,460.39931451438866
1516,750.6835869138496,475.50588934086295
1517,715.873573054573,451.52406465986337
1518,741.9801467338924,503.8186934541435
1519,760.5250884312765,458.91964681184913
1520,703.7426521487525,506.8430072174726
1521,776.8479854201998,472.1359322820136
1522,699.0880315002688,534.7334545963489
1523,778.4009620197551,441.05956780375465
1524,830.45721428313,440.9279126153169
1525,793.4836599941029,483.1141095118919
1526,719.2751448913677,431.73723822072606
1527,712.1836460455797,445.30071056510303
1528,752.1520839779097,462.3316555106592
1529,774.1799844449589,494.4813180072085
1530,745.6528134331925,455.16967217425804
1531,787.3806411756493,497.8944683164801
1532,763.7170748291574,442.8241361520637
1533,710.1119242477013,493.82780691082434
1534,773.7320127121104,487.2971377139423
1535,792.1095911404819,442.2478204107702
1536,777.7399680393816,530.7342050284533
1537,737.9128380539739,418.6366428628178
1538,737.1099030257508,505.163973495448
1539,715.8438049221833,426.1862680621922
1540,712.7452108917353,450.1628311139756
1541,735.9897117751783,515.2772007346181
1542,769.0936213623243,465.7395036422151
1543,719.355004954507,488.0114310412407
1544,763.824673637132,516.6718324687055
1545,802.7935768342815,498.2524579093339
1546,777.0704673411889,502.7367374288691
1547,684.3063712544799,465.14582279457903
1548,806.6579511710695,537.3231919895256
1549,715.0991785155655,483.39754080184866
1550,764.1598724039183,448.5267370738824
1551,725.8389161248473,478.0347810100604
1552,771.0154764910127,466.6845878634256
1553,721.4617958958321,455.6821867883202
1554,747.7406622546447,427.95987432534866
1555,783.0000090442891,468.71061253337297
1556,770.5211255534321,514.6231155659307
1557,773.0114466290803,484.557985283827
1558,797.0349605160671,485.7827465030061
1559,778.9635837979329,520.4659784673415
1560,690.0608562875484,468.20036102999126
1561,695.6580984426595,492.8188813271646
1562,712.8902073556917,490.54087471514123
1563,765.9436303720944,479.05152422369173
1564,758.6744389440498,431.22952012198084
1565,762.0145277789783,448.80601689823504
1566,700.6880014857496,463.04023907912
1567,743.1177906593607,500.90316919537565
1568,722.6527126621769,501.12940594018374
1569,733.4037741654377,432.67315958487535
1570,784.8418546777834,496.96415177517827
1571,756.1433629742503,490.77131394219253
1572,783.2976635182068,493.9876800268241
1573,739.3580283661985,428.4323922362101
1574,768.0166466009988,497.4660851443772
1575,757.887033779421,470.69131777583306
1576,806.9894086762976,468.4921191121993
1577,765.4966253140369,495.8992301631624
1578,804.6420207543927,457.2398678582432
1579,737.0821711388146,476.1935724792258
1580,747.1112787639864,522.8552612434225
1581,800.2131692008151,465.83973201099803
1582,757.5913459519437,449.8485605027106
1583,702.0679476591359,473.58424610661507
1584,741.3270202049346,469.3142336843303
1585,806.5454650323394,513.016644077961
1586,706.0761760085965,491.90579986083924
1587,737.9135184492702,472.9433815623902
1588,779.4721433152292,426.8789801537059
1589,737.0457701304516,446.9041061515617
1590,714.1933114921183,474.155253654365
1591,774.1903141950397,468.39558591932047
1592,767.198005932665,526.144260515916
1593,762.3754251173801,487.74981784492604
1594,694.4670706041071,486.4782201128516
1595,766.1708666479345,444.48442421289883
1596,748.6751605295369,507.1230014701021
1597,741.4172006433847,485.9254023052153
1598,785.8719024408446,460.74412628752424
1599,747.2629242765097,485.6130653113797
1600,757.7882302030539,461.52942017057876
1601,802.4536634791372,524.9640104902021
1602,748.7552520778107,444.9909137257178
1603,787.0516589306114,505.8808519713154
1604,755.4202388055551,529.0428808102943
1605,730.7751377246341,429.07394628008274
1606,775.1911090196314,437.7919684309736
1607,750.0421945530661,491.6926470183211
1608,732.5798526829961,454.407057761684
1609,720.3031549407577,494.1400535302969
1610,765.1368152419162,466.41122064423206
1611,782.5093401287892,541.1712077656085
1612,738.3533147545655,437.8372921761807
1613,732.9050208754766,481.2711498650679
1614,675.9096606555931,544.4531776238041
1615,698.6410862836531,578.1207271358568
1616,679.9130543035102,620.5874669206289
1617,727.1624491432189,509.5556349807767
1618,689.426054609607,606.6197126145702
1619,755.3540265237649,594.4617688782789
1620,676.9957176187883,515.9071248888972
1621,719.7672798152383,615.9473390690025
1622,686.2523042847806,519.4482087891174
1623,695.929616997695,569.4684225870121
1624,686.794712487798,577.2000039149691
1625,745.1010559845748,540.3295134297825
1626,659.0609597835127,546.544500218373
1627,668.2379611234444,605.3933726821373
1628,756.1783396519513,525.3958916861503
1629,719.5273950673679,528.8919842756027
1630,667.679257589995,536.2555270591944
1631,657.0066782345368,529.6974542353561
1632,716.6061303121658,497.26411149220877
1633,678.9182224045433,558.7431643341561
1634,704.0421216726326,476.0799872498534
1635,752.9929140242506,573.1925681303577
1636,711.2405639148101,518.6337473243779
1637,697.6391675229603,557.0786888857203
1638,667.2131879397614,562.8896755813537
1639,647.0877666350738,514.2746873247016
1640,661.7674098175556,546.9687631489236
1641,690.7678091826148,553.9405349559755
1642,656.7375347126643,519.4315782773807
1643,639.845565892716,562.2586097985052
1644,790.4409534244807,484.934644493605
1645,659.7340590891631,505.9499609706541
1646,696.60713229613,534.1291151500061
1647,719.2229157903714,476.5200167535121
1648,645.2268962585174,559.7228137714408
1649,705.8392628222983,539.2354159893385
1650,638.2538243877563,534.8016437376466
1651,664.1469099374241,617.5018627661747
1652,642.5875993292037,514.3736082205694
1653,692.0230310647175,538.2964812914266
1654,707.2505954620857,524.0793900575314
1655,631.2692691576399,533.8913147943939
1656,629.6394312988264,536.9771729508055
1657,693.2663051103827,547.215313834689
1658,756.9269088733145,483.6318177512422
1659,693.8269099353989,530.1117208989325
1660,663.8013718839468,568.8149342902738
1661,730.3414739864213,464.7338556589591
1662,678.5127872581152,550.2026242170974
1663,647.1717881108493,565.8059375802609
1664,656.5875914401123,536.5306295023681
1665,946.0520437916302,416.0686667643474
1666,680.6726239048114,521.1536261325934
1667,717.428540627212,551.6094122179989
1668,632.0807036942214,522.6946540239462
1669,739.0944830572082,599.48635815888
1670,651.4997194337711,510.3796724735331
1671,711.8228842434321,592.2692475576018
1672,627.4784074624529,544.4142187480029
1673,672.4777802271363,569.3860833665055
1674,676.2055331998013,573.3666576008114
1675,652.1230721215901,515.989806735951
1676,720.5852964421885,537.4103769577896
1677,692.0769292028991,586.7832901093319
1678,648.1176472801994,568.9993297310971
1679,721.4265077832536,564.1478154201847
1680,687.7788690994032,585.7778910549624
1681,706.8764702431747,558.303832982005
1682,686.9226071010165,591.3525556018726
1683,800.5204105932356,446.5972844622763
1684,670.3541809355326,589.832240440633
1685,708.6989023831576,551.1478295532994
1686,671.4935273468498,495.8876653136732
1687,670.274340158226,503.44403522084565
1688,663.175939923101,574.9513382239354
1689,680.4360904815029,571.5979316327079
1690,669.1275391479102,616.318247321448
1691,656.5956119186669,553.0344322024152
1692,675.7258107122942,502.02392456599557
1693,720.3845680368581,550.4401108909484
1694,631.494496493152,512.0885451942243
1695,678.2146093672856,544.1004045861338
1696,670.8089269593806,513.6648201977463
1697,640.2204408259036,541.0601180821758
1698,667.323876373423,513.5648201357785
1699,666.158672609379,519.005486831987
1700,697.4900075658684,581.0809200684785
1701,691.1155210907749,545.8231311179625
1702,716.6362073762751,521.4244808172531
1703,648.7598623496593,546.6003446554895
1704,659.77179227222,540.333233069639
1705,705.0854921607881,610.4271694537149
1706,706.4438633722388,604.0766533872312
1707,672.2798706774274,598.2180207821664
1708,663.0380036844498,586.9206633864552
1709,681.5228005540664,502.3496803241944
1710,654.1698840315596,549.5642932762729
1711,644.2632285692573,504.59568187345656
1712,658.8154366459822,535.0443028048061
1713,650.7378222632221,534.0468410464086
1714,680.3264148927481,612.9068463822894
1715,708.9726291451377,575.1807192810553
1716,656.6285059797027,542.8158468736464
1717,678.664089173012,528.4904634035456
1718,720.8793317227977,510.7456781495498
1719,691.1990527220577,491.9007674814669
1720,694.5915412897695,512.1421060790831
1721,718.0120438112975,538.8111589179703
1722,683.8925017395696,540.6389673811541
1723,683.3606953935564,511.90785530061856
1724,661.2634444677578,543.1202915773526
1725,670.6652988845324,566.2614898425905
1726,703.3860264527525,572.8192587255014
1727,668.2162998466703,582.307663511103
1728,671.2585516913517,533.1986100373284
1729,664.7008336920507,553.0831454173609
1730,637.7085649875048,559.868093484188
1731,663.8686633470428,548.4916499003494
1732,687.4075517895755,566.8594413073662
1733,693.4343833733684,571.3221519120317
1734,717.2649653000198,475.319122699017
1735,705.8669516871047,582.3904912234074
1736,655.8535299957805,574.0249690577137
1737,667.5885676076666,527.264174117972
1738,717.109813520506,555.7557643067883
1739,687.930359179418,502.6232811879868
1740,692.1735379782747,536.3232487148367
1741,733.4299232475543,505.51628777022916
1742,672.6532696101918,574.543247189421
1743,710.2527243212286,532.3871700428226
1744,673.8363328052462,539.3967189638262
1745,700.3581838622508,502.9191917191895
1746,701.155007771715,493.0454301528142
1747,649.6268962229385,552.2801573996848
1748,673.4586445753183,582.9762985098139
1749,696.1852785801739,565.4283016532979
1750,667.7205348927658,509.96151100408355
1751,702.5382228159058,540.8428938603148
1752,757.3887736930446,564.0895852165037
1753,758.4205075920815,498.9230322679889
1754,714.2652208252757,539.2845271230361
1755,712.0938063564804,612.0726923286713
1756,731.1345152380683,614.2734263114448
1757,721.5497752885332,522.6283276779823
1758,686.2847908121812,545.7078756010322
1759,749.6571099859706,568.3280058880176
1760,689.6973420206139,508.5132178948179
1761,728.3673190198704,591.1765257184668
1762,676.8099659941364,568.5696730201154
1763,649.0783569151854,541.3275269007733
1764,670.1325689422517,515.7819760508006
1765,748.2745745948403,532.5410817611904
1766,701.1145022154044,563.1695607420022
1767,699.6743437207163,572.4701846984267
1768,695.2333853649191,560.6881957077757
1769,729.9358721952024,595.1237759494596
1770,722.9655882413906,544.9725065955162
1771,883.5086690349797,425.4658624318303
1772,728.6157861911369,486.44082440284365
1773,684.0431662145812,582.2798088141018
1774,667.5665346774025,556.4023841210551
1775,709.2685042122795,480.79092993634515
1776,725.0553229395416,555.32938917612
1777,641.7338951568173,565.3766620992973
1778,824.5480584676684,493.06642497862344
1779,678.5144394731486,531.8035155255872
1780,641.3149259072325,525.6859692522291
1781,651.8000116369844,538.4305478025333
1782,687.6424155418651,497.01700801638844
1783,665.4499778593715,584.3540723272713
1784,660.2576787055248,519.127160885216
1785,672.4411338523265,621.7770533986776
1786,655.552305268997,598.9038741430523
1787,660.0734362726433,552.8633329421167
1788,681.2718190309766,586.8814245175666
1789,709.2829324984828,590.9881588355101
1790,650.4032180357249,536.3666962779209
1791,699.5280437538694,592.4972258801986
1792,633.9092315212081,531.9538152561021
1793,641.4881684860771,545.6912341100889
1794,682.5458100172153,537.2965752780609
1795,703.1424858154005,533.4760214929853
1796,759.1915818252443,522.5115114319705
1797,670.8088150111759,549.2183067019304
1798,700.4943559100936,510.7406152207579
1799,701.9659476270048,530.8737690265256
1800,663.3674970413874,566.7101335132701
1801,647.8676132667016,531.5398466831559
1802,689.7826276484215,562.1440107584647
1803,693.300587351062,518.2216641063994
1804,718.3145275892946,532.4916539044881
1805,661.7388298303497,559.5561190847121
1806,702.6779491245595,607.8182166388109
1807,694.3207857360511,575.5801484339273
1808,727.340238668488,482.89776442925216
1809,729.9166205064305,492.0844732204483
1810,675.8272312594002,558.2816167880496
1811,698.7519079108304,520.685337724651
1812,667.870580729746,546.9537676849736
1813,671.8770296777878,509.351518567438
1814,682.196326612602,560.166720656159
1815,777.928509588539,515.3535624708081
1816,629.9255476273986,548.0473531808884
1817,705.9285410594082,565.5611290341662
1818,645.0901659828846,523.9965369550723
1819,649.713929170607,549.3094186887217
1820,653.3041355777855,568.1112446313384
1821,645.3949870829719,542.0197765343747
1822,662.7138001661008,563.8289192959602
1823,728.9766052186053,555.8277111170185
1824,708.4926194741055,562.1857834424362
1825,648.7150721907885,527.5718192380873
1826,680.2689082439581,524.0900158102988
1827,686.5139883479585,525.8383350695547
1828,650.3921916565463,559.5148051454975
1829,716.0450270428905,570.1707592445106
1830,741.7052979768849,607.4997616359415
1831,664.4037025459779,507.0573447377312
1832,704.1675402000687,544.6342340859187
1833,750.4197632986322,543.1362936726871
1834,702.0791146486981,595.975229008169
1835,713.9399630983794,534.669065313484
1836,687.3163644544495,539.2581241417932
1837,684.5269565441456,506.98471477704135
1838,701.2853549811912,521.6323335762808
1839,656.2124383680633,606.8301541431993
1840,703.207424321378,565.9093917184324
1841,687.924956367114,511.56421776823106
1842,701.9126081166874,587.8369963431272
1843,662.3708213625421,520.3568160787155
1844,757.828854080132,575.2844501321547
1845,732.7198918931538,534.3517854972654
1846,716.224223363813,598.0985165510066
1847,720.1315257513795,543.8006058887688
1848,674.0560246214973,618.9000931631161
1849,727.2212565726969,532.9086437755635
1850,733.6435020810054,537.6405798441053
1851,695.3837982260413,548.0607441573408
1852,709.0424820053289,585.771161433159
1853,662.4201513381864,571.4153956856985
1854,686.9270800288893,570.5861643174051
1855,658.9979732434382,566.8056083727535
1856,734.865570231049,518.8003688357514
1857,636.7195872288216,532.5543618701694
1858,663.638834226493,557.1173687926903
1859,711.3126882681916,525.6849512309863
1860,707.5958950492433,569.205096273827
1861,664.6621295088219,515.4676457331203
1862,732.4825826674787,598.7156626905019
1863,707.0866539481927,596.1662547993278
1864,643.9552061056569,531.0870854322009
1865,719.2790995254487,547.424554087105
1866,680.663450183484,576.7825985230663
1867,676.3949785799033,563.7601519923838
1868,676.3668822428571,561.0310555863603
1869,634.8324566197471,554.2772740421464
1870,645.9246953293599,546.7937165416595
1871,698.637497397212,539.9909835884337
1872,669.1845829469936,551.2325766695743
1873,714.5584167538485,513.7315914714446
1874,699.8824787442073,516.1634720051246
1875,649.0571275633584,561.5091781508033
1876,652.3589665316536,528.6494057872171
1877,689.07067778644,524.3869381180663
1878,667.0405947979513,568.5803640797282
1879,647.0039747391677,572.0665696626452
1880,686.5941058533353,599.0803020167098
1881,730.0446798233244,459.282780788258
1882,695.1689451524675,594.601272306659
1883,684.3797756753874,566.5284895016584
1884,673.8101578141546,525.5993878562551
1885,655.0179460629548,514.7965542172346
1886,678.381872844734,588.2111812637987
1887,685.0224704013523,531.5972755508999
1888,715.1909252903494,605.9283214022294
1889,728.9286979402136,529.7155581710199
1890,666.6934351464317,541.3170171049783
1891,697.4676418698073,599.9805804186049
1892,682.1321750196915,599.493869887417
1893,868.2501313576068,479.23823877724874
1894,681.147626010378,590.9997430001611
1895,646.031894680008,550.8075565100876
1896,756.9009630684703,531.8813484255232
1897,633.3181676966295,550.3839939844381
1898,702.6679720748577,547.8398768289555
1899,654.7874310731372,506.8702292743832
1900,630.6428805917711,544.3549947120681
1901,673.9428886381452,564.6473807375312
1902,695.0304653827457,499.55624717598863
1903,699.8513834236055,614.3399920731662
1904,669.29906418991,554.8622551348616
1905,730.0795181771771,580.9505548385968
1906,681.0766027108606,623.7143612456264
1907,666.9125459072496,506.1114077309119
1908,715.7689202915684,519.2928749981984
1909,672.6210243262362,610.7777635165371
1910,683.362033905782,588.5447313814071
1911,711.5158322244205,565.018644035136
1912,703.8553993588894,596.9846892503173
1913,675.9185780983377,597.1452824807171
1914,692.2045760873891,568.2762741538327
1915,714.6311939235036,503.87813886713445
1916,675.4462441430361,529.9384607620889
1917,664.7789335041308,500.67347904818195
1918,700.0250378533873,619.722964196485
1919,675.179633231883,576.2088698702808
1920,674.5626248345333,521.3555788059155
1921,669.2283983311067,568.1646888950054
1922,695.6943087348523,507.4735655144067
1923,667.1144397175696,573.5873501683216
1924,714.8797553093758,615.1351464292916
1925,686.2970727953568,554.479436733724
1926,683.4269236163165,524.5405524075735
1927,678.1444406620545,511.2369333029904
1928,642.5241830997926,542.457962778268
1929,644.2133864164695,553.9112474615056
1930,762.4062496847207,563.5285871390362
1931,688.195347852273,544.2695352689877
1932,716.0737035499569,561.8691917104062
1933,683.9323099804509,542.8030342894224
1934,683.73256233324,572.7244822148903
1935,685.9431635079102,514.8850812014135
1936,694.4105642788152,601.9512864439388
1937,721.9516779685838,603.8471092973882
1938,650.5462924823458,524.1504199530459
1939,657.3662632539779,562.3518295197179
1940,660.2105263753434,574.6040469452997
1941,647.1466630097492,596.9440696170271
1942,709.7632938778698,572.6230986303411
1943,679.6043414887907,539.5507171572837
1944,758.5103618184006,514.7461388862414
1945,684.0707814744108,488.05087323694994
1946,761.993959078392,535.9504386703734
1947,677.591541305272,493.05431391696726
1948,666.0464548735312,531.2326318292974
1949,660.8634574726333,527.1878712027352
1950,710.7184026387524,583.6728074076666
1951,653.4368010911462,572.3186208319961
1952,658.3476567269691,555.8373730393116
1953,694.065443851057,540.0745576317396
1954,745.6090369604108,517.6452282485637
