0,1055.3078794952291,513.4757186213585
1,1013.7154113397471,419.64434551937177
2,1004.4354872428644,399.7331562697683
3,1023.476646830075,510.21697256178277
4,1042.134879635254,474.4482247843735
5,1063.2983368315338,523.4895684166613
6,1058.9864333405142,514.4959261697857
7,1017.4780741536244,520.8099148051795
8,1027.797426245049,431.59407708987175
9,1022.6996397268342,533.1662027364132
10,994.2370970260494,468.1295653084431
11,933.6348837414529,398.108570236214
12,1063.165321798484,429.7398213387276
13,1027.591555942003,361.69950147008973
14,1020.5670895735667,379.0142505161493
15,1062.4499290696979,563.8910810868915
16,1027.5246079987232,541.3895874207133
17,1060.3532363112263,365.2725202526683
18,1079.8305333720252,368.3468250648627
19,1032.5431317420496,577.7429504169103
20,1058.401347583466,574.8593360185196
21,1056.3441178233581,542.1773710910383
22,1085.5359607415016,343.04410211917525
23,1034.5443130373876,595.991409333663
24,1057.8615352042798,594.3411893553476
25,1070.7443827865789,345.05845009746423
26,1053.2478213609431,543.4383383605151
27,1058.3947624153711,552.7405741726039
28,1061.1873784106372,568.8574819439107
29,1049.3413184481087,591.9312668618747
30,1058.3986851003974,362.7932323668762
31,1077.4275578804245,376.2940675832418
32,1036.199631858453,581.2614317050267
33,1066.1189187421685,353.045084791612
34,1100.3495263769328,360.5526904571858
35,1002.7257017973639,375.2578680804764
36,1073.4428100066393,587.3589623086817
37,1046.85529985732,370.2657303791469
38,1030.2514819274659,590.731275497933
39,1037.785521068567,370.5965878836664
40,1036.7316461279916,578.7214865829529
41,1065.9135615746334,604.8241793850483
42,1089.2140294615258,382.2625716590374
43,1071.6811573881055,590.7877256854288
44,1042.815318088425,595.5651006897899
45,1064.8795471061335,331.9920240038491
46,1075.238864040228,351.5769605321353
47,1061.9263624226185,552.3929761949158
48,1077.7622857591712,346.78479180679483
49,1058.7149188524822,607.124460861801
50,1039.7079893294738,372.49456409942854
51,1043.7701629975168,557.5819062867736
52,1032.4573931502307,568.8954149599631
53,1041.0330856936598,541.8091199754286
54,1019.9754128223345,370.00311271559656
55,1054.6278298198188,568.6605776259025
56,1067.0744337876213,583.0540308637472
57,1035.6580324407778,558.5436812171204
58,1067.7142839674198,564.3198404564259
59,1048.726974988349,377.8104140236371
60,1049.6822016111237,353.18934134527234
61,1091.697799303809,387.5941108290099
62,1056.3339874494677,566.1373597518007
63,1060.6232967360274,576.4868588713516
64,1072.8526294677222,564.1422722963392
65,1077.9436467273833,359.3909068997596
66,1070.0958875127462,572.7340797200511
67,1049.1773882151588,564.3802788093877
68,1073.2045978432473,368.9961072504023
69,1052.5363062798683,583.4672394690161
70,1036.0164111627173,360.87717852510445
71,1063.052262309952,368.07590018971155
72,1058.7878880333167,371.53316109481
73,1058.703476913096,493.8395917964285
74,1058.9627726756962,541.3984481611072
75,1037.8309238736967,594.9141348983295
76,1045.1047188501354,549.7283080933724
77,1020.8528143455559,402.78044571763076
78,1060.0829944238449,321.2598869343489
79,1093.8638800038389,370.9820896269864
80,1049.1715610650724,573.8634620172518
81,1065.8155831776708,591.0871665569078
82,1088.6232212766158,379.8712929390305
83,1095.9130248354647,375.2964327952215
84,1042.2771018322119,592.5450517971562
85,1040.210118144601,550.6901991086518
86,1054.0303898963969,356.57492054183217
87,1073.7341758076589,365.9608967104466
88,1039.1365080503206,566.3758491592063
89,1053.7555561346246,565.9637581537672
90,1087.7322634586822,387.1263751836982
91,1081.5073594756366,360.11380263238016
92,1099.0183434889925,389.83542573845887
93,1019.8955392991044,358.1333498321086
94,1072.8419628868821,374.87357303946317
95,1034.6302477070724,564.3682229611746
96,1068.4286894421598,347.33011241772476
97,995.7441179198629,358.2832064611384
98,1079.9735274569052,372.40540140118776
99,1065.3441556416767,356.402625633411
100,1056.482140765739,603.7593659505213
101,1059.11869050952,527.6150650252318
102,1064.6959655212372,365.7103025176707
103,1011.0772891584232,366.8187951863219
104,1071.4285523088993,386.1640339565082
105,1056.1371709221974,364.4213861551592
106,1068.0495136552142,601.6580918861017
107,1054.4369655905675,608.9858191912141
108,1078.1358431210042,355.4113158173142
109,1034.9121704868453,379.88767931366624
110,1053.9286949857428,354.1685825178322
111,1080.6849266924603,374.9306351453477
112,1083.9832534782854,358.7238666668668
113,1061.1967043800023,373.97392469822694
114,1070.679319799844,351.5121828674607
115,1042.2252315878443,586.1389294047772
116,1026.3988834520896,587.5560346300371
117,1062.1826686554264,363.61645417778993
118,1080.2114770693956,378.8348508270794
119,1061.6476235949428,601.1285760257485
120,1040.8565602337737,358.14217658133794
121,1043.9897590503797,366.9262055718432
122,1088.675095152687,344.70495324941936
123,1074.9962466988052,377.13498103285417
124,1032.3305486009642,587.7969191957745
125,1090.433099856278,375.15008534413147
126,1055.209149501694,558.9979826529677
127,1044.8501013548107,563.4390735385496
128,1050.485514745592,562.3328378275571
129,1060.8364500991954,415.2179456666874
130,1071.5325707004645,371.28917956890075
131,1054.0139575829937,555.9107139266513
132,1059.42121611095,347.89314558757195
133,1087.7104326552721,374.7979117217611
134,1089.9553606106053,353.3162332706169
135,1098.4030877212551,377.8335624616244
136,1044.6190882847982,555.5257616319618
137,1085.8677296076985,361.02138022231856
138,1078.3268554190734,352.36342121136653
139,1034.6480381722447,341.9831965341433
140,1045.4018445604493,358.26167151329946
141,1071.4694163492325,604.1248359091735
142,1065.5222094388516,559.6073494170444
143,1070.9653265942786,380.9184831192475
144,1051.1702896532138,361.6964445188522
145,1046.0505706127788,339.1933306181826
146,1065.8273976875919,611.2108149064708
147,1058.3273046359386,570.6398149953161
148,1048.7192608908917,545.4006246012165
149,1039.9010583218296,576.2798865892263
150,1056.4720258176876,555.5718157090852
151,1036.5471742457335,368.290988389077
152,1088.5540595112766,361.90833413410155
153,1059.5786954773416,336.47323916077784
154,1057.7761001525835,563.5703964002789
155,1039.1793341114765,570.5975665478724
156,1041.8049675289142,562.0482324432863
157,1089.4978257834262,368.1127564494196
158,1026.473337950717,584.7104020552911
159,1057.077442150127,560.6390319378452
160,1078.7563663124788,362.6763357435275
161,1037.7397473494157,553.7851362231057
162,1076.497833906793,342.89964823621625
163,1063.4332903036304,321.1354859424437
164,1020.5939582350824,563.2420714327459
165,1057.6471113174698,382.4936389133845
166,1030.154120337716,584.0206157855882
167,1054.2408420677998,585.0593105091837
168,1038.5439206092306,573.274019890043
169,1056.0448316318173,597.1330678624863
170,1053.4300491870815,572.7267279619539
171,1048.3872847674843,587.6067200221969
172,1081.6391491741456,362.9047601702201
173,1023.2005410879226,360.5666574885535
174,1083.9519664319855,391.91021076393884
175,1067.4827543978129,342.0777409525864
176,1043.9868005786634,575.028401341411
177,1019.7167114983192,570.4352750356234
178,1064.4907418005287,603.114197578129
179,1034.9254708259682,366.09398204945626
180,1022.0464211115709,528.1528243559054
181,1076.755865765172,366.910180495426
182,1047.4935490007517,593.2160819197327
183,1059.2156109118337,590.522348744812
184,1057.9925143858902,375.19126169398976
185,1055.1547652282643,331.89763873481434
186,1064.7263754426476,359.08573635697803
187,1063.121166122874,596.5651969973122
188,1052.0406928166944,334.66329965662595
189,1051.6659367943698,576.7791793661767
190,1047.4147254523,553.7755308497262
191,1084.454371051732,346.41316493885455
192,1053.4509190640795,363.71034115381326
193,1053.852139031548,380.0919781109396
194,1026.7864421468357,581.3045547404629
195,1073.2020623546803,347.3587110164883
196,1032.0066935672555,369.9388528450024
197,1043.2519594794953,369.5473493173199
198,1072.1217786459067,357.6577413702028
199,1046.386571956947,397.23744568076296
200,1069.312395375792,371.0268755470572
201,1055.283354667563,592.2731670302711
202,1023.983104248352,565.8895284465967
203,1056.9893582303525,353.68532873220687
204,1051.3983496465312,571.8054339504371
205,1072.9586055238801,607.990580499094
206,1047.6785980462623,330.3436243099685
207,1048.6679479632362,557.1154570569634
208,1062.6267693894024,594.1185145117698
209,1044.8019972083669,375.3155318503192
210,1088.4300429402779,410.51940991087747
211,1016.3071876797482,353.53448911040243
212,1095.0890089669526,382.82082719101163
213,1012.2743043427129,371.0970107793186
214,1039.0163810901063,364.26346486516616
215,1066.056823571446,545.3889158955286
216,1055.8974791509283,341.10490847609907
217,1071.6008885186848,361.1339108171801
218,1033.1489689372422,583.8670407971681
219,1068.88702182601,358.9776892155733
220,1060.0595693361436,610.3108759408948
221,1055.1433395739834,346.5397724592423
222,1074.3314080678836,599.3846846748637
223,1049.560365573136,398.8596332229486
224,1050.0953103621835,585.1918475135375
225,1092.2016734215936,360.5632651868116
226,1074.4464689195538,353.84650788184126
227,988.4163276645022,368.9885168212498
228,1041.1248127379176,529.4837306662122
229,1057.2590028445302,545.5212276265557
230,1068.219592807557,330.4580513541934
231,1003.324709778176,516.819452262273
232,1077.0906017043294,599.4328498829312
233,1046.6613046893183,560.3916244310558
234,1071.6555760137126,331.1478810106478
235,1051.8758336997862,387.1900621834277
236,1035.5265711880688,587.118427964252
237,1061.527926097882,555.0288308753719
238,1071.873055972443,353.3548315633599
239,1081.0031621611597,366.38408545004177
240,1026.323975417405,573.4595628283565
241,1073.7559448131426,613.1514495529855
242,1035.6052755852527,541.2019516174776
243,1084.8077096713291,389.2329734667355
244,1082.098598717283,370.56879895834703
245,1072.6274492095429,596.618132155763
246,1061.0267134328758,350.8399902406536
247,1006.2497226178884,366.43634217282045
248,1045.1878761446208,361.79371256535103
249,1062.5996930167883,372.25784705485705
250,1024.2004400675785,358.43956324719784
251,1035.421456466161,489.7046524630475
252,997.7783538181491,392.129795348445
253,1039.7433872070071,536.7082050281241
254,1018.5323025105041,398.7315201116248
255,972.5113501274085,394.27086234867386
256,990.9672210370245,406.667474846193
257,1024.082321104376,426.936589733675
258,945.6728438077943,393.56393346965433
259,989.2237109054614,411.3003409453893
260,992.9085394928658,419.70701703869634
261,1027.139492178356,385.91466674066845
262,978.8023277350251,412.91036657169695
263,991.4732676088141,417.38164917182695
264,976.4427555004345,422.0204086383542
265,1022.4576540611143,399.90844146354095
266,1003.0892176424318,410.3821122693282
267,987.3317634553736,387.36255784874936
268,1013.7824661632663,526.2287906896145
269,1025.2856033242624,469.8331137830737
270,1031.1309645669257,422.29670697862053
271,965.589689579402,375.5956507789648
272,969.2740883197072,451.47722491413
273,1038.3800440464145,487.09225405300356
274,1017.2356962984989,407.1756512022397
275,980.9801354325142,427.3230169906962
276,982.8307818551768,410.40054415646694
277,1020.2333213542364,543.2801967168684
278,973.7065860366951,436.15158595730634
279,1068.681096235833,375.7606459035454
280,1011.0277204431269,382.9944026810602
281,1033.402059567912,550.082613558187
282,1000.0644974733937,494.66480967351015
283,965.9320038419787,369.005119936544
284,936.2653859125996,434.33916188138335
285,900.3087574308607,377.9295517413429
286,1020.0227530884695,520.7181096985125
287,1033.1660221577706,387.8525917888411
288,1012.0643886383316,518.4550758405272
289,912.3889573623298,375.28366173563705
290,989.6594476835083,402.59783706322264
291,1010.9209153824254,389.31433779673944
292,982.1690291363032,412.6287530704275
293,1038.8238108615394,499.97807610219013
294,1015.8312932984745,486.83714492977475
295,1051.8522779028024,452.8747571441594
296,938.7373964918949,378.44504116403175
297,996.2621739496052,399.8815329428301
298,984.3413693253148,381.39841257197645
299,873.9421061437689,363.54997485663426
300,1018.7480595689955,505.47269744451864
301,1006.281583420712,420.1068698599661
302,1017.4486362589554,388.53409818803914
303,1002.1271096039396,413.34201306097947
304,992.2940979502541,413.12898367959076
305,1024.4169221717636,421.6212011020234
306,1006.8224434624054,501.7623773921139
307,1003.4156415037676,496.14482931903666
308,996.7132224720319,406.0075287552257
309,1043.6170294660947,494.38258985571633
310,1014.114696321479,506.65331414344047
311,1039.7184736803858,599.7188804106823
312,1000.5033376177323,490.88386975092754
313,967.1659270571448,386.679311942552
314,1037.6683410766495,509.25636994617594
315,1013.7801885239016,493.6861796552994
316,1006.2395922810981,467.04335192244133
317,1030.7527886981732,402.22913065360615
318,916.9227244030961,392.09722278170995
319,960.9864819357823,394.97686233975884
320,965.0437148562806,490.9722726913763
321,1026.6230678437025,510.7864964742535
322,1005.3411938603122,378.0197890074625
323,958.9917339028428,417.4045035391053
324,948.1135365894106,391.7020060279095
325,1012.6569565336653,498.44426671690195
326,1027.2291383255313,497.80197493881326
327,997.5595948848338,509.9464506779698
328,1000.8405979121957,398.9942784605656
329,956.7050011591341,400.6484995366288
330,1026.2179289560377,526.2608294791241
331,1057.2992866297045,426.9344585881811
332,1035.6241352510776,519.02331153023
333,956.0497150849237,387.8642990607143
334,1026.7618569717736,517.0342177764719
335,1039.7535013351685,559.8467915036056
336,892.1342001196624,426.884998843695
337,959.5217815271945,377.62007246268394
338,1003.7921300653312,503.642557969467
339,1064.0047958297907,400.4255740239178
340,998.8586765513656,366.67127249624207
341,1046.4758355504136,500.64467907480014
342,983.4299246120783,424.76020541317695
343,1043.3444772918097,527.356674894923
344,1022.5871199942715,469.81541090439913
345,1008.478237981872,525.4544871315269
346,969.6640204200799,399.7571276470724
347,982.9825512072867,395.53108754532906
348,990.0817806547012,489.23605508069886
349,941.7815400906111,383.2814060689443
350,1005.7672879685646,539.2693719974553
351,992.7413991234773,406.36605634459573
352,988.6590591358769,418.18897236493757
353,1007.3139314478624,509.707966727175
354,972.2068714616963,388.2941351100265
355,1034.9203179258163,535.564333075742
356,995.0908791696631,546.6662116176074
357,1008.8095621256291,504.8570370478882
358,1012.829120627135,432.2193766458605
359,1039.143582089554,399.7854661114685
360,1033.483580965243,447.038038113474
361,936.821401962235,399.9670238315591
362,995.4432168187778,409.7745732117065
363,974.3205464809225,392.98425686235936
364,966.7931829074964,414.50303982329297
365,984.3328410832792,397.6856322802959
366,969.4954648231727,443.5878614155979
367,897.6621277658816,379.3833443138322
368,1009.4270058159467,397.86718760812215
369,980.9711871281576,389.60560704662606
370,999.3428452474145,409.709722674184
371,1009.9363122660662,451.3241302693885
372,1066.8520211682553,369.78277452236824
373,969.3140801564724,394.00149776780825
374,1035.5230006232769,495.9547299348879
375,1046.1080620817038,513.2474606078927
376,992.6991254365464,393.1712798498935
377,1044.102046524467,514.869125283888
378,1017.7929566103876,410.909170096789
379,978.7765405410771,483.7826050425508
380,985.1604484054542,400.37211295418246
381,970.5833586371272,479.00277134672154
382,1006.8228412381965,370.0386340525252
383,1000.3352640205292,403.33957947579705
384,977.1086934350967,443.6138351574345
385,993.4318107689029,509.11355134338834
386,955.8270516472635,413.8647351777868
387,969.735355242413,381.56104774431435
388,1034.3266265565708,384.7295525303275
389,1018.3010968850007,416.34771197791036
390,986.5956207881263,392.02833744674905
391,973.3406998441001,406.8707367109654
392,1017.8899864727053,531.3264554837799
393,974.0488663061249,402.3730729500541
394,981.1306225616277,407.1024098066554
395,1005.2323683971057,485.2609959235586
396,1014.9438029202946,422.4570976635631
397,1020.0453216196407,502.8188786043414
398,888.0441568589073,416.94852825575794
399,995.8561659242781,518.1662482868605
400,1037.999586547855,505.41923462500364
401,997.217313721109,503.30333752124415
402,1014.7084495275082,518.3636344623435
403,1050.0651408230503,509.59763436938323
404,956.9725667850996,397.1647236233434
405,993.83827714707,475.749276963341
406,942.1679925878611,366.07501489211165
407,1011.2814256695577,530.696308431785
408,1025.450046873281,417.34620765547214
409,1032.5464606356347,470.2626519576013
410,978.3961887101259,392.421151717437
411,1015.3003440592202,392.68636752145824
412,1042.044618794323,455.1417689357802
413,1009.8294918323921,415.92216447127606
414,976.6833583523801,384.0443812781807
415,1034.8143636278148,463.52861198633383
416,966.5043595795269,405.7064792598399
417,1012.0970349689587,501.1324575715027
418,1013.2454032220784,521.9117755865965
419,1011.015581343908,482.7942846197389
420,1016.1310321443585,496.8521278197375
421,980.1848892546743,369.49915557609353
422,984.2521815996627,416.11793317590445
423,1000.7426364396124,391.48607749537956
424,984.1328319491137,374.25602135076707
425,994.2161536336682,382.6538456830604
426,1016.9404028861734,474.09869797988284
427,989.4949317296051,492.41886002174164
428,851.8958269455837,428.85383551037535
429,1010.5566609220748,427.4102285172205
430,1023.0804282015904,450.67193016813195
431,989.7435875146881,408.73892162242925
432,941.3867064779186,395.35613654408644
433,927.7471713678825,378.0532010987442
434,956.728171467745,404.5626773063479
435,997.2066799139927,526.1727371616156
436,1028.5188056063735,492.71508956262795
437,1007.2782921401185,457.7721337399654
438,927.456071541469,398.1559556619997
439,990.2832425547629,376.73612648833915
440,963.8717870191373,437.5070403497539
441,991.0344912935669,379.9203925966666
442,1015.7033068395986,515.2083986000921
443,989.8687743910099,505.7899623840109
444,1003.4652339497065,404.28671019432704
445,1022.9109967022879,473.3183968340187
446,1004.9999934287192,475.75336928591895
447,1009.9615633733465,467.9215882633981
448,972.2390238435357,415.1149529007312
449,1000.5493322327357,453.3019990358344
450,960.5451018754036,445.9080336880184
451,990.7257027655739,391.8269860416303
452,901.1843881725529,385.88252997700107
453,979.3492511222613,400.1282432175637
454,988.0441621664785,422.7979681853092
455,931.2029703659578,440.0745660855073
456,982.4737925830956,431.58466202733257
457,999.5686647461267,427.21879327711633
458,994.0110125913566,401.65204394175885
459,936.3936849249909,420.3067015714227
460,995.5572540531516,428.66721161219687
461,981.8505995947396,381.24325435776575
462,1009.1963524943571,510.96951727947487
463,978.9827354540961,404.55283472523223
464,1038.5763573109314,518.9208611332749
465,982.71017371131,385.54400092849926
466,997.1079906794977,500.77230949054075
467,1015.0820974057614,431.1325432495346
468,1015.3354096258793,500.43880880381926
469,1043.1784858251076,491.05860222633373
470,998.7614186620264,424.016966487452
471,987.2086841207703,481.8559118265319
472,1009.0971774370801,549.8024487826954
473,940.7215816443462,398.98667125973924
474,984.1052274881644,402.6354790811803
475,1016.9629262259474,510.6328411061456
476,992.4010635800283,404.1294570464699
477,996.7486518384318,460.397351907267
478,1037.8587801905885,376.1585751925857
479,1043.921326135262,509.30005997381437
480,1029.798751931508,531.5054632076489
481,943.4788814357557,389.9564537576061
482,986.4712607583892,413.1914898999207
483,999.7416879922666,481.5682712128329
484,955.4732407341777,407.86925648812525
485,1026.0379741077359,548.8544329376651
486,1042.346001040207,520.4199244739269
487,962.3323177996537,418.5927572746265
488,970.2634166578865,405.6679179296287
489,994.705374528489,415.4554726824117
490,992.4637647083027,374.8894855713276
491,1000.5158757917592,416.5240821327903
492,1012.3524793544357,509.77938037809554
493,1019.5478094829872,483.96681324698176
494,966.8297712984981,524.9422070987781
495,1012.5460116952461,407.0777022250658
496,1036.687399327005,440.36799915135657
497,1019.8357595938455,497.5394254963031
498,984.1577480939475,421.8260264270067
499,1037.2876228636949,384.7587521040424
500,1022.5991778343151,415.63337106806006
501,996.5160789710498,395.5688498545457
502,990.818535354657,399.36402674171774
503,1022.6512761252038,500.2777677867843
504,997.9945240579212,415.2499012893895
505,997.144880426375,479.20547922406814
506,994.0373884305862,484.0004994786803
507,987.7678916056518,359.28875049241844
508,986.3391605462978,394.9121999986955
509,998.59614097359,421.5113846341574
510,990.835291028583,384.91176273341654
511,1038.0106962425914,492.6272079761944
512,976.0837890727316,395.65838043464566
513,1016.7318727996044,452.1892168237277
514,994.5703503061816,389.96870411827126
515,934.8926328632565,406.2397470764309
516,993.5766326355072,379.1710374903121
517,1017.3555999589297,484.34232668051095
518,974.5760193469172,399.0789107298336
519,1014.0003394907673,544.4371312220934
520,1003.1971223437845,367.29702186054976
521,996.9201103156076,448.4144278674214
522,1075.2689720834585,387.63837171712544
523,996.3687922303764,491.41474849762375
524,1003.3409334437417,520.6027636566453
525,1001.3814693617925,401.0322240762766
526,1010.9707476942531,525.2197771958472
527,1029.6263678762318,544.4231060744977
528,1007.1169363221776,516.1376889773751
529,927.3641587486101,420.3048583769974
530,972.2979829455932,418.7090926779066
531,955.4868166762162,377.80409223509344
532,933.8611440058603,370.21035953854675
533,1024.0936634541154,454.213803493077
534,1031.072055192943,549.4191491987373
535,980.2399606566759,509.2345102289262
536,988.9415470415254,471.58613077571835
537,1026.9095874926502,456.75844327731414
538,977.5662350222091,407.94427795885315
539,1002.6559835151198,407.6485274347779
540,1041.7260203822948,504.10410313969555
541,977.0579205922287,376.31483250506403
542,1011.7213106028802,558.871164201015
543,966.839677111162,399.6310642257244
544,949.5760959927027,455.95999081653656
545,994.9540963138637,510.2908336479828
546,1005.4683642003371,427.3041304465443
547,1002.4897377353319,467.43789144606507
548,1040.273268547169,467.8224957049997
549,951.5919952381989,389.9843357373926
550,1006.1990518789792,405.41598579880787
551,998.5110395657535,461.4734777123892
552,982.9288402475952,504.4090788104794
553,1008.9388269184509,499.8960509124732
554,1013.0206536225422,514.3833798949644
555,1005.8154388442487,390.6140745707848
556,816.297552634705,405.40137884380664
557,893.6836192980686,397.13297703495107
558,875.4785174815624,403.39838050402295
559,817.9843039802741,401.77325381591805
560,854.0770791958225,373.3740407781319
561,826.5452400814066,440.41323439810446
562,857.7381137969506,464.8118459642132
563,873.2397362428235,439.9527910635124
564,881.4779624985049,372.39717659911287
565,851.3514617496478,424.98963956712475
566,806.3566697165749,349.09349775621394
567,928.9612765369756,414.48624525533967
568,829.8853457023938,420.4453794286739
569,841.5216382154982,408.43104744372414
570,885.7654578259115,389.6565444259469
571,891.4037981834448,518.846276564223
572,846.4296577791965,396.77808858667464
573,868.7604302778949,379.93303550450366
574,875.6542502661417,489.5311715125654
575,778.7436664981058,395.260529423762
576,895.429458060946,382.3057353632092
577,840.5361674121627,435.85224015643746
578,822.6931881494329,391.9462726843389
579,868.9460836588122,409.8956714562898
580,839.5739034523205,364.96655122100435
581,898.558348153243,510.7098604112143
582,826.6327042098968,416.9772003686853
583,882.1256850332288,414.62629700728274
584,816.1997533348906,352.64740838332426
585,967.154258248311,516.7666231369323
586,880.4188250971918,486.6653094154108
587,922.228063233825,504.0982625115427
588,847.5929507404019,406.0711942508675
589,867.9173868740265,383.2197729930823
590,860.4794547364265,400.7265935315423
591,859.1930641655991,365.4928489988814
592,891.9158072006954,381.34208526983207
593,820.5076693104727,430.79935343578416
594,834.0292209918538,371.2362266880347
595,963.8108360395184,392.6930199083321
596,820.258740247486,442.45535422395574
597,870.3288093162583,496.2810595655599
598,854.4904868573906,401.44561266381606
599,885.265275918013,416.30946704277954
600,847.1548202083503,374.18923524569925
601,853.4270804484789,369.92728906004504
602,906.4570654238589,456.89854411117034
603,859.5128512925393,391.2846260515673
604,837.1843493946592,436.98743079205605
605,861.048983203461,372.95160123117347
606,858.5883758676957,383.4656158686261
607,853.4220573603045,397.14777983005627
608,894.2757921723934,393.80979310182977
609,868.5973993452837,372.3777402532875
610,925.331734858077,414.68143566620495
611,920.9273392365137,397.98875828999525
612,834.8079639760217,380.8763518700976
613,867.2438614688208,415.5904271151644
614,909.0073030667733,527.2022616146007
615,811.3297264778727,356.9535761681915
616,908.7388501886338,357.94835609710015
617,913.9787525889788,422.41256980882656
618,823.2926266834144,415.3518465844968
619,902.0631830757802,485.9696362380108
620,877.7711489080104,372.9169399148839
621,808.7590688184072,394.7468341100712
622,852.8099391751605,409.80950611411544
623,851.0449015442034,431.72110022199496
624,891.3586588901601,385.1470073201727
625,895.1903018902175,390.07737021708454
626,814.4245607960984,395.0302095113294
627,832.2399291915924,359.4197276154284
628,913.9890393300745,510.61307744711564
629,861.6168849802508,412.2190623384918
630,825.1147133530311,372.3500468347486
631,878.4229821682395,387.65228313737583
632,857.8142193315822,388.2134068820834
633,853.3681615106054,465.025391046923
634,828.4056732184348,383.4086635417678
635,835.9569135121213,431.07310253388613
636,975.0225705494465,502.0877021918036
637,815.4581502435777,430.8751151033224
638,882.4188798241584,438.1469930219959
639,816.2617879365496,380.21148235323255
640,811.0006985363722,409.6562217248976
641,827.6887397844528,368.88599648992846
642,837.9123189834638,418.1610764688461
643,866.6247988419137,465.5655150503489
644,872.1457187446646,383.5027700624206
645,887.3564717228463,493.4502651180427
646,863.7672261238732,356.18022718501595
647,943.2375852767232,427.5287557139312
648,848.686813028587,386.77151668658007
649,938.1929468295722,418.704117843327
650,826.398342809869,398.75075203736645
651,903.1207013494511,484.06639208160016
652,865.7899044136717,401.90603610892697
653,903.069349853786,378.9268984247713
654,850.7126080642147,394.4853817913695
655,861.469171635468,381.51409479025517
656,857.8014507539918,368.4782646190098
657,882.2010310852022,386.9361144780141
658,876.8029403523664,452.274204966413
659,881.9916565492288,392.82198660269285
660,837.1573277927463,402.19755527420466
661,820.8581472769532,366.24697887518397
662,827.3132729419909,356.22167477875433
663,882.1820503294088,404.7715084003874
664,972.3346910331576,492.95023169728864
665,891.6236768137505,407.9622140647601
666,854.3009256000743,439.67034577115345
667,922.6662074556853,378.987568388609
668,894.5034768069987,474.40386750116323
669,860.8472520287961,447.2436686051528
670,917.0324035620135,493.9551877592919
671,863.3037220197906,353.44243499182045
672,849.6863038837009,454.18305676137555
673,790.1441944929524,392.38681735781046
674,870.1102508795775,365.73693054890254
675,874.1455372570898,500.5748332111969
676,840.0409770944326,374.618511925677
677,848.4438793594101,368.0696967399475
678,888.9942775762623,461.21556837652736
679,825.9533944843355,394.07843267926523
680,846.8226537300911,385.57937851433036
681,856.5053980449965,372.66545730766745
682,776.7592466793383,396.30690197388543
683,822.8942937386007,409.6006617205111
684,844.8666367892392,366.1354674718294
685,818.8064496070426,428.3145381452332
686,898.6032125767454,374.8214440131847
687,866.9908232866646,366.8755958647816
688,855.5383471096924,463.22217576908133
689,851.118216546651,439.67823428188615
690,844.4894955491271,382.43173129279455
691,833.9016978237331,402.5307266559635
692,878.2393018993604,411.7521443755149
693,886.4186382019127,478.1300819023631
694,833.327688056515,433.19059054977225
695,970.1209986776926,410.6167198685435
696,818.2346515352318,389.7889735622647
697,838.6132362523628,428.41836699573173
698,873.4111067825457,371.0437636819106
699,899.0566654631858,492.6108381903982
700,889.8385851917822,469.0764558606459
701,816.5836275556213,369.54820262676265
702,808.4171331279088,390.3120315365837
703,817.0627576363825,384.8891426206287
704,806.0166360320286,358.81582123086775
705,836.1971463373254,392.40567524068956
706,846.4313527966331,408.39668687108997
707,867.339223038997,477.2466543150598
708,887.4776051181798,398.78769374680047
709,823.9511090795231,389.55005701409954
710,806.6503301896878,367.5410704264579
711,906.1752774464251,407.24786512853063
712,822.8397347250509,423.3287412654169
713,864.7364882977911,435.6196750140069
714,892.4600562180588,416.6648523116181
715,874.0713061958289,392.62112423642776
716,896.4641159310108,419.85037288636323
717,841.7499657133781,427.21924812009433
718,872.4144980036449,380.6247095226593
719,855.729683921972,364.6748962442187
720,842.2219931639243,369.49916241035396
721,815.2540081604934,415.05590638345353
722,882.8080742128694,469.24114752153025
723,886.2821927706444,371.0108021467631
724,863.4534409075085,438.2284307073931
725,892.2345187150488,422.3228230200708
726,884.4243180927266,430.1682613013539
727,920.3588683593857,387.5323157703259
728,820.8766511096986,369.94932675381733
729,876.7831614722471,391.0923147888894
730,844.9896625765691,393.81619643952354
731,871.2097787580527,488.1489792778672
732,901.8171955902682,506.2387749341013
733,842.0446423760975,389.85391570871354
734,873.9813786125914,399.01051843063044
735,858.8152828968249,437.6251420695238
736,890.5713727411046,447.6450311837877
737,817.2067354447787,397.63104279913887
738,823.4040901400411,383.7862762024167
739,930.4825372267296,398.8850000666796
740,833.0734673041412,414.9415231146509
741,837.3280475322274,414.1403269365859
742,1004.4454687830814,469.6748226139986
743,835.0944051428899,428.6085979629947
744,830.8097819930134,454.9463259708084
745,894.0155643001114,458.90167714458613
746,882.3174720327921,399.5899140733639
747,904.0903964928644,394.53273026109326
748,832.4713560271371,419.55867218352626
749,909.8811005281868,489.44277595488364
750,836.4738127772465,425.69375776698973
751,876.1702954549891,383.17919516235327
752,899.9822173385462,516.6602094497977
753,885.9542935995781,410.7007161077644
754,911.3440456942354,448.4826210072116
755,927.0906363713201,433.7503909999931
756,858.5743486119583,376.5798755193519
757,880.771094645361,500.33548274382315
758,854.3029258424391,391.84063583184445
759,846.1784337939445,412.88197197848996
760,880.1626665651264,393.65171267548277
761,851.5888856515028,447.9088762355762
762,840.9149917968662,381.1952146514104
763,1012.7196661900122,395.4479884114385
764,893.5241432287696,509.44744799512085
765,843.2271452161734,435.676175348409
766,899.1337274753897,370.66863600146786
767,836.070713804948,374.39101298862084
768,811.3812905084952,398.398709913697
769,890.0416906131722,391.23433549300387
770,790.7727499013098,397.6514350286003
771,837.7131626192241,434.32717232531513
772,861.1042831488314,369.0711615128529
773,872.1537220032988,367.81780490275037
774,889.0991805278996,514.5254117063099
775,886.4021511024157,499.4000318246464
776,844.188110999702,428.1756139549172
777,856.3638152528403,420.6879717031883
778,889.3220409030257,530.1149123088774
779,916.1660471160551,411.1000900602447
780,903.5070296063349,459.9939818789123
781,850.6178114510786,377.64530605288064
782,816.5072121330712,363.5396067672762
783,845.5363610283575,417.9496351465543
784,833.7977016959157,454.1095045084472
785,827.4717576843955,424.48815333971004
786,947.8774025529071,381.0879424042458
787,849.9713309924643,397.51167262454146
788,863.2598229474888,376.8379942785683
789,815.1239687547123,412.4204525056602
790,952.1342234077907,492.08142958705605
791,860.5087988833124,433.6431231163057
792,916.5477869720376,442.3957318931875
793,954.9624497782519,506.46818529821996
794,871.9660031721945,436.6434944194606
795,817.9583420333511,434.3553751851747
796,837.5745775372967,389.5878847420388
797,835.2740917740748,395.33526630341237
798,884.2130219469751,488.8480055957427
799,836.2189646897069,410.2478798894964
800,869.9669209880867,431.4369758459617
801,923.9295405512518,448.77484621232315
802,968.4934439639601,379.80975995259655
803,867.9560363817477,421.77229466513995
804,864.9053748018177,394.7559105981526
805,873.5434966211529,456.55034246965414
806,863.7495871113853,426.8765665238787
807,835.8821730616692,384.99450919021047
808,841.0341213533667,385.8240325917183
809,852.689810438161,412.3627097112191
810,876.3163287489031,508.36628805065646
811,946.7693084474805,378.77489007645505
812,852.7554465339585,361.8609490155398
813,821.0047844665966,416.2562838400774
814,833.2940922521656,436.61151955198284
815,819.593374931546,395.8297088950152
816,906.7179826579904,386.39869501022474
817,853.3020424356159,416.2864517686351
818,880.6283947618576,482.5568902341562
819,850.7958689250237,382.80624708129284
820,878.6042655437636,417.3179549021973
821,822.3264665654854,435.70053498953206
822,892.8478051255285,498.8274945667152
823,849.6955895634834,374.3695249370918
824,833.340934524174,399.53007893284985
825,841.4189005497597,430.4763484026289
826,836.0656429606274,416.73178368133756
827,984.8465124927125,538.1171332081154
828,849.9225753577157,404.26924703849005
829,852.6939810245727,435.164701100984
830,863.6306211831218,378.8235665694177
831,889.8082220279452,510.38914863039764
832,875.8726579873465,444.2259381434472
833,857.7227716904914,434.6064604378711
834,859.0399198447553,408.42100707778275
835,840.2306612080843,420.5181084666991
836,844.41564860883,415.7282815546109
837,843.3853373407039,372.3524687528679
838,864.5995174534702,479.9980348287554
839,939.1274642972884,408.6393148466725
840,898.1893267538825,363.2575059997879
841,895.1853574445067,496.20914223609066
842,855.6944735256792,438.1876429305053
843,859.980793844828,415.7240545364038
844,909.005944074691,387.4446164747314
845,823.0781106593537,402.61900233405606
846,935.0415209020639,491.9027277378758
847,879.4287444077878,498.7175198165673
848,830.9795745714598,410.02497159687306
849,874.7741797361836,470.78764223718485
850,813.0220153717268,433.649014559882
851,803.1408196053187,355.03930144129004
852,935.5551179502868,426.3969637833306
853,935.5411473477418,402.39559462381607
854,864.227077057612,400.16397280496193
855,898.2375589793461,458.5798560628557
856,863.0894789740776,421.10460497656356
857,866.7060483168368,378.85155018134003
858,836.7594332278533,446.10555826185015
859,924.5286123615333,462.345081097688
860,911.4853488358284,402.48900729097534
861,892.0050683605491,486.2593307675301
862,864.2895433004745,385.13001734679557
863,829.8682025884063,447.8355577743356
864,812.6935875010639,376.6728666678551
865,874.8953411660601,417.24568176415204
866,846.857301665642,391.34910474004727
867,879.1249482840258,403.551463566482
868,865.8649097281816,392.0366302160444
869,884.6819540758391,361.9605855114954
870,813.8655655335705,390.6015428114276
871,901.301735437399,463.71828789448483
872,880.6041539005905,377.70100668882264
873,899.049000792841,416.5664794947076
874,817.5656643702548,417.45318046551563
875,854.4812861698401,429.71684811937837
876,857.4437027100944,359.0924603822548
877,864.9098856172891,485.95830269302843
878,868.2167752692716,398.4946085070636
879,863.7843206009987,383.0631622540909
880,879.725415627993,512.1154684026675
881,930.3700052321414,499.8971142656074
882,903.8612570574835,478.56190726455134
883,831.2188120382579,462.96601712475956
884,834.0600639111408,425.2587158872036
885,826.1699897236026,408.4201932701551
886,909.2488688957432,398.24304580294734
887,858.1002269642682,393.5272943286143
888,855.1882151134815,425.9606650433051
889,881.6995500928166,492.84214331017205
890,906.0228012861905,389.76909176167703
891,869.6369108187574,405.33282214158226
892,876.9121962987042,414.2312458952346
893,880.126920857458,365.0236015079835
894,851.9215545177743,419.81457943523696
895,972.5976907966839,502.9855670550703
896,869.1582448165539,393.76811693266427
897,929.695800735156,424.8918176508889
898,827.9691388332753,412.4552205771312
899,955.5369927421332,422.61507843228134
900,948.091140402754,413.9236733161998
901,828.1610472993473,429.8231943710072
902,796.5678337745524,351.8582655167845
903,880.2504186035471,455.6006301379754
904,848.4665875080714,421.62395550322873
905,898.9448784298264,388.65415491321886
906,891.1075379442863,451.11871198041075
907,866.8413954723312,374.4887818302456
908,836.8313023391265,377.2132532880607
909,947.2501880159361,403.8459219101605
910,851.735390879731,386.9551501097411
911,872.1114593624798,395.14523994575836
912,854.8599444318069,408.0611873947982
913,839.8532626363738,431.8552290962431
914,875.0445399994244,375.5208076055376
915,896.5774743528169,531.7875359290709
916,864.9149725508885,370.4859385652457
917,842.8402663129915,396.31092268826853
918,918.5335483494432,463.87121785731597
919,863.3872253499853,412.0510604152026
920,818.8509815837438,371.1850017893227
921,872.6499944769907,470.0811275758967
922,836.4658338493059,404.5423362470418
923,840.6666625871362,401.1892419717412
924,848.5636945240263,434.8155442431264
925,856.9486686331279,403.14333625831506
926,872.7481668756064,431.2425469525757
927,803.6293423647996,409.10614200231714
928,918.5650541708677,399.31688366414454
929,885.096612184221,368.61607965101246
930,894.0419300344141,516.0128666838748
931,904.6849821196688,366.63856588509424
932,866.6166910451016,429.5526161285366
933,922.8281234804665,458.2210064008838
934,832.3777613297904,417.5836419629292
935,863.0095485311376,369.8719144892282
936,814.2663401499689,418.89126305117543
937,850.8090267487169,445.0418652791189
938,832.5534098638301,382.43304498224563
939,893.3988472144251,401.8347258852001
940,830.3458915247404,374.90889894931973
941,881.8638230527373,418.88932885985963
942,830.8281938133659,396.917183397054
943,846.7174393798508,364.01787497908924
944,888.9837221784511,466.5611134580797
945,781.6869138289671,402.10636806351346
946,829.9855801204303,385.0657794862581
947,862.4545580268345,483.6783007836269
948,923.9037541458121,510.8418579537828
949,831.7509977335499,401.54357865237347
950,897.971995449836,502.46230069050984
951,1032.4705055255442,437.94055309142624
952,820.7374956636602,402.2155374891967
953,829.0081304532408,414.8259232477835
954,842.247643199611,413.6433405414419
955,881.2811195270745,505.26322680168266
956,862.4431958308683,431.96601279987544
957,813.1752004736434,437.7712069883497
958,832.1994755241273,387.7611752610961
959,890.8701748363499,438.6284185377452
960,844.772258172291,423.57243372256363
